2209 235

47	47	47	47	47	47	47	47	47	47	47	47	47	47	47	47	47	47	47	47	47	47	47	47	47	47	47	47	47	47	47	47	47	47	47	47	47	47	47	47	47	47	47	47	47	47	47	47	47	47	47	47	47	47	47	47	47	47	47	47	47	47	47	47	47	47	47	47	47	47	47	47	47	47	47	47	47	47	47	47	47	47	47	47	47	47	47	47	47	47	47	47	47	47	47	47	47	47	47	47	47	47	47	47	47	47	47	47	47	47	47	47	47	47	47	47	47	47	47	47	47	47	47	47	47	47	47	47	47	47	47	47	47	47	47	47	47	47	47	47	47	47	47	47	47	47	47	47	47	47	47	47	47	47	47	47	47	47	47	47	47	47	47	47	47	47	47	47	47	47	47	47	47	47	47	47	47	47	47	47	47	47	47	47	47	47	47	47	47	47	47	47	47	47	47	47	47	47	47	47	47	47	47	47	47	47	47	47	47	47	47	47	47	47	47	47	47	47	47	47	47	47	47	47	47	47	47	47	47	47	47	47	47	47	47

1	48	95	142	189	236	283	330	377	424	471	518	565	612	659	706	753	800	847	894	941	988	1035	1082	1129	1176	1223	1270	1317	1364	1411	1458	1505	1552	1599	1646	1693	1740	1787	1834	1881	1928	1975	2022	2069	2116	2163
2	49	96	143	190	237	284	331	378	425	472	519	566	613	660	707	754	801	848	895	942	989	1036	1083	1130	1177	1224	1271	1318	1365	1412	1459	1506	1553	1600	1647	1694	1741	1788	1835	1882	1929	1976	2023	2070	2117	2164
3	50	97	144	191	238	285	332	379	426	473	520	567	614	661	708	755	802	849	896	943	990	1037	1084	1131	1178	1225	1272	1319	1366	1413	1460	1507	1554	1601	1648	1695	1742	1789	1836	1883	1930	1977	2024	2071	2118	2165
4	51	98	145	192	239	286	333	380	427	474	521	568	615	662	709	756	803	850	897	944	991	1038	1085	1132	1179	1226	1273	1320	1367	1414	1461	1508	1555	1602	1649	1696	1743	1790	1837	1884	1931	1978	2025	2072	2119	2166
5	52	99	146	193	240	287	334	381	428	475	522	569	616	663	710	757	804	851	898	945	992	1039	1086	1133	1180	1227	1274	1321	1368	1415	1462	1509	1556	1603	1650	1697	1744	1791	1838	1885	1932	1979	2026	2073	2120	2167
6	53	100	147	194	241	288	335	382	429	476	523	570	617	664	711	758	805	852	899	946	993	1040	1087	1134	1181	1228	1275	1322	1369	1416	1463	1510	1557	1604	1651	1698	1745	1792	1839	1886	1933	1980	2027	2074	2121	2168
7	54	101	148	195	242	289	336	383	430	477	524	571	618	665	712	759	806	853	900	947	994	1041	1088	1135	1182	1229	1276	1323	1370	1417	1464	1511	1558	1605	1652	1699	1746	1793	1840	1887	1934	1981	2028	2075	2122	2169
8	55	102	149	196	243	290	337	384	431	478	525	572	619	666	713	760	807	854	901	948	995	1042	1089	1136	1183	1230	1277	1324	1371	1418	1465	1512	1559	1606	1653	1700	1747	1794	1841	1888	1935	1982	2029	2076	2123	2170
9	56	103	150	197	244	291	338	385	432	479	526	573	620	667	714	761	808	855	902	949	996	1043	1090	1137	1184	1231	1278	1325	1372	1419	1466	1513	1560	1607	1654	1701	1748	1795	1842	1889	1936	1983	2030	2077	2124	2171
10	57	104	151	198	245	292	339	386	433	480	527	574	621	668	715	762	809	856	903	950	997	1044	1091	1138	1185	1232	1279	1326	1373	1420	1467	1514	1561	1608	1655	1702	1749	1796	1843	1890	1937	1984	2031	2078	2125	2172
11	58	105	152	199	246	293	340	387	434	481	528	575	622	669	716	763	810	857	904	951	998	1045	1092	1139	1186	1233	1280	1327	1374	1421	1468	1515	1562	1609	1656	1703	1750	1797	1844	1891	1938	1985	2032	2079	2126	2173
12	59	106	153	200	247	294	341	388	435	482	529	576	623	670	717	764	811	858	905	952	999	1046	1093	1140	1187	1234	1281	1328	1375	1422	1469	1516	1563	1610	1657	1704	1751	1798	1845	1892	1939	1986	2033	2080	2127	2174
13	60	107	154	201	248	295	342	389	436	483	530	577	624	671	718	765	812	859	906	953	1000	1047	1094	1141	1188	1235	1282	1329	1376	1423	1470	1517	1564	1611	1658	1705	1752	1799	1846	1893	1940	1987	2034	2081	2128	2175
14	61	108	155	202	249	296	343	390	437	484	531	578	625	672	719	766	813	860	907	954	1001	1048	1095	1142	1189	1236	1283	1330	1377	1424	1471	1518	1565	1612	1659	1706	1753	1800	1847	1894	1941	1988	2035	2082	2129	2176
15	62	109	156	203	250	297	344	391	438	485	532	579	626	673	720	767	814	861	908	955	1002	1049	1096	1143	1190	1237	1284	1331	1378	1425	1472	1519	1566	1613	1660	1707	1754	1801	1848	1895	1942	1989	2036	2083	2130	2177
16	63	110	157	204	251	298	345	392	439	486	533	580	627	674	721	768	815	862	909	956	1003	1050	1097	1144	1191	1238	1285	1332	1379	1426	1473	1520	1567	1614	1661	1708	1755	1802	1849	1896	1943	1990	2037	2084	2131	2178
17	64	111	158	205	252	299	346	393	440	487	534	581	628	675	722	769	816	863	910	957	1004	1051	1098	1145	1192	1239	1286	1333	1380	1427	1474	1521	1568	1615	1662	1709	1756	1803	1850	1897	1944	1991	2038	2085	2132	2179
18	65	112	159	206	253	300	347	394	441	488	535	582	629	676	723	770	817	864	911	958	1005	1052	1099	1146	1193	1240	1287	1334	1381	1428	1475	1522	1569	1616	1663	1710	1757	1804	1851	1898	1945	1992	2039	2086	2133	2180
19	66	113	160	207	254	301	348	395	442	489	536	583	630	677	724	771	818	865	912	959	1006	1053	1100	1147	1194	1241	1288	1335	1382	1429	1476	1523	1570	1617	1664	1711	1758	1805	1852	1899	1946	1993	2040	2087	2134	2181
20	67	114	161	208	255	302	349	396	443	490	537	584	631	678	725	772	819	866	913	960	1007	1054	1101	1148	1195	1242	1289	1336	1383	1430	1477	1524	1571	1618	1665	1712	1759	1806	1853	1900	1947	1994	2041	2088	2135	2182
21	68	115	162	209	256	303	350	397	444	491	538	585	632	679	726	773	820	867	914	961	1008	1055	1102	1149	1196	1243	1290	1337	1384	1431	1478	1525	1572	1619	1666	1713	1760	1807	1854	1901	1948	1995	2042	2089	2136	2183
22	69	116	163	210	257	304	351	398	445	492	539	586	633	680	727	774	821	868	915	962	1009	1056	1103	1150	1197	1244	1291	1338	1385	1432	1479	1526	1573	1620	1667	1714	1761	1808	1855	1902	1949	1996	2043	2090	2137	2184
23	70	117	164	211	258	305	352	399	446	493	540	587	634	681	728	775	822	869	916	963	1010	1057	1104	1151	1198	1245	1292	1339	1386	1433	1480	1527	1574	1621	1668	1715	1762	1809	1856	1903	1950	1997	2044	2091	2138	2185
24	71	118	165	212	259	306	353	400	447	494	541	588	635	682	729	776	823	870	917	964	1011	1058	1105	1152	1199	1246	1293	1340	1387	1434	1481	1528	1575	1622	1669	1716	1763	1810	1857	1904	1951	1998	2045	2092	2139	2186
25	72	119	166	213	260	307	354	401	448	495	542	589	636	683	730	777	824	871	918	965	1012	1059	1106	1153	1200	1247	1294	1341	1388	1435	1482	1529	1576	1623	1670	1717	1764	1811	1858	1905	1952	1999	2046	2093	2140	2187
26	73	120	167	214	261	308	355	402	449	496	543	590	637	684	731	778	825	872	919	966	1013	1060	1107	1154	1201	1248	1295	1342	1389	1436	1483	1530	1577	1624	1671	1718	1765	1812	1859	1906	1953	2000	2047	2094	2141	2188
27	74	121	168	215	262	309	356	403	450	497	544	591	638	685	732	779	826	873	920	967	1014	1061	1108	1155	1202	1249	1296	1343	1390	1437	1484	1531	1578	1625	1672	1719	1766	1813	1860	1907	1954	2001	2048	2095	2142	2189
28	75	122	169	216	263	310	357	404	451	498	545	592	639	686	733	780	827	874	921	968	1015	1062	1109	1156	1203	1250	1297	1344	1391	1438	1485	1532	1579	1626	1673	1720	1767	1814	1861	1908	1955	2002	2049	2096	2143	2190
29	76	123	170	217	264	311	358	405	452	499	546	593	640	687	734	781	828	875	922	969	1016	1063	1110	1157	1204	1251	1298	1345	1392	1439	1486	1533	1580	1627	1674	1721	1768	1815	1862	1909	1956	2003	2050	2097	2144	2191
30	77	124	171	218	265	312	359	406	453	500	547	594	641	688	735	782	829	876	923	970	1017	1064	1111	1158	1205	1252	1299	1346	1393	1440	1487	1534	1581	1628	1675	1722	1769	1816	1863	1910	1957	2004	2051	2098	2145	2192
31	78	125	172	219	266	313	360	407	454	501	548	595	642	689	736	783	830	877	924	971	1018	1065	1112	1159	1206	1253	1300	1347	1394	1441	1488	1535	1582	1629	1676	1723	1770	1817	1864	1911	1958	2005	2052	2099	2146	2193
32	79	126	173	220	267	314	361	408	455	502	549	596	643	690	737	784	831	878	925	972	1019	1066	1113	1160	1207	1254	1301	1348	1395	1442	1489	1536	1583	1630	1677	1724	1771	1818	1865	1912	1959	2006	2053	2100	2147	2194
33	80	127	174	221	268	315	362	409	456	503	550	597	644	691	738	785	832	879	926	973	1020	1067	1114	1161	1208	1255	1302	1349	1396	1443	1490	1537	1584	1631	1678	1725	1772	1819	1866	1913	1960	2007	2054	2101	2148	2195
34	81	128	175	222	269	316	363	410	457	504	551	598	645	692	739	786	833	880	927	974	1021	1068	1115	1162	1209	1256	1303	1350	1397	1444	1491	1538	1585	1632	1679	1726	1773	1820	1867	1914	1961	2008	2055	2102	2149	2196
35	82	129	176	223	270	317	364	411	458	505	552	599	646	693	740	787	834	881	928	975	1022	1069	1116	1163	1210	1257	1304	1351	1398	1445	1492	1539	1586	1633	1680	1727	1774	1821	1868	1915	1962	2009	2056	2103	2150	2197
36	83	130	177	224	271	318	365	412	459	506	553	600	647	694	741	788	835	882	929	976	1023	1070	1117	1164	1211	1258	1305	1352	1399	1446	1493	1540	1587	1634	1681	1728	1775	1822	1869	1916	1963	2010	2057	2104	2151	2198
37	84	131	178	225	272	319	366	413	460	507	554	601	648	695	742	789	836	883	930	977	1024	1071	1118	1165	1212	1259	1306	1353	1400	1447	1494	1541	1588	1635	1682	1729	1776	1823	1870	1917	1964	2011	2058	2105	2152	2199
38	85	132	179	226	273	320	367	414	461	508	555	602	649	696	743	790	837	884	931	978	1025	1072	1119	1166	1213	1260	1307	1354	1401	1448	1495	1542	1589	1636	1683	1730	1777	1824	1871	1918	1965	2012	2059	2106	2153	2200
39	86	133	180	227	274	321	368	415	462	509	556	603	650	697	744	791	838	885	932	979	1026	1073	1120	1167	1214	1261	1308	1355	1402	1449	1496	1543	1590	1637	1684	1731	1778	1825	1872	1919	1966	2013	2060	2107	2154	2201
40	87	134	181	228	275	322	369	416	463	510	557	604	651	698	745	792	839	886	933	980	1027	1074	1121	1168	1215	1262	1309	1356	1403	1450	1497	1544	1591	1638	1685	1732	1779	1826	1873	1920	1967	2014	2061	2108	2155	2202
41	88	135	182	229	276	323	370	417	464	511	558	605	652	699	746	793	840	887	934	981	1028	1075	1122	1169	1216	1263	1310	1357	1404	1451	1498	1545	1592	1639	1686	1733	1780	1827	1874	1921	1968	2015	2062	2109	2156	2203
42	89	136	183	230	277	324	371	418	465	512	559	606	653	700	747	794	841	888	935	982	1029	1076	1123	1170	1217	1264	1311	1358	1405	1452	1499	1546	1593	1640	1687	1734	1781	1828	1875	1922	1969	2016	2063	2110	2157	2204
43	90	137	184	231	278	325	372	419	466	513	560	607	654	701	748	795	842	889	936	983	1030	1077	1124	1171	1218	1265	1312	1359	1406	1453	1500	1547	1594	1641	1688	1735	1782	1829	1876	1923	1970	2017	2064	2111	2158	2205
44	91	138	185	232	279	326	373	420	467	514	561	608	655	702	749	796	843	890	937	984	1031	1078	1125	1172	1219	1266	1313	1360	1407	1454	1501	1548	1595	1642	1689	1736	1783	1830	1877	1924	1971	2018	2065	2112	2159	2206
45	92	139	186	233	280	327	374	421	468	515	562	609	656	703	750	797	844	891	938	985	1032	1079	1126	1173	1220	1267	1314	1361	1408	1455	1502	1549	1596	1643	1690	1737	1784	1831	1878	1925	1972	2019	2066	2113	2160	2207
46	93	140	187	234	281	328	375	422	469	516	563	610	657	704	751	798	845	892	939	986	1033	1080	1127	1174	1221	1268	1315	1362	1409	1456	1503	1550	1597	1644	1691	1738	1785	1832	1879	1926	1973	2020	2067	2114	2161	2208
47	94	141	188	235	282	329	376	423	470	517	564	611	658	705	752	799	846	893	940	987	1034	1081	1128	1175	1222	1269	1316	1363	1410	1457	1504	1551	1598	1645	1692	1739	1786	1833	1880	1927	1974	2021	2068	2115	2162	2209
1	94	140	186	232	278	324	370	416	462	508	554	600	646	692	738	784	830	876	922	968	1014	1060	1106	1152	1198	1244	1290	1336	1382	1428	1474	1520	1566	1612	1658	1704	1750	1796	1842	1888	1934	1980	2026	2072	2118	2164
2	48	141	187	233	279	325	371	417	463	509	555	601	647	693	739	785	831	877	923	969	1015	1061	1107	1153	1199	1245	1291	1337	1383	1429	1475	1521	1567	1613	1659	1705	1751	1797	1843	1889	1935	1981	2027	2073	2119	2165
3	49	95	188	234	280	326	372	418	464	510	556	602	648	694	740	786	832	878	924	970	1016	1062	1108	1154	1200	1246	1292	1338	1384	1430	1476	1522	1568	1614	1660	1706	1752	1798	1844	1890	1936	1982	2028	2074	2120	2166
4	50	96	142	235	281	327	373	419	465	511	557	603	649	695	741	787	833	879	925	971	1017	1063	1109	1155	1201	1247	1293	1339	1385	1431	1477	1523	1569	1615	1661	1707	1753	1799	1845	1891	1937	1983	2029	2075	2121	2167
5	51	97	143	189	282	328	374	420	466	512	558	604	650	696	742	788	834	880	926	972	1018	1064	1110	1156	1202	1248	1294	1340	1386	1432	1478	1524	1570	1616	1662	1708	1754	1800	1846	1892	1938	1984	2030	2076	2122	2168
6	52	98	144	190	236	329	375	421	467	513	559	605	651	697	743	789	835	881	927	973	1019	1065	1111	1157	1203	1249	1295	1341	1387	1433	1479	1525	1571	1617	1663	1709	1755	1801	1847	1893	1939	1985	2031	2077	2123	2169
7	53	99	145	191	237	283	376	422	468	514	560	606	652	698	744	790	836	882	928	974	1020	1066	1112	1158	1204	1250	1296	1342	1388	1434	1480	1526	1572	1618	1664	1710	1756	1802	1848	1894	1940	1986	2032	2078	2124	2170
8	54	100	146	192	238	284	330	423	469	515	561	607	653	699	745	791	837	883	929	975	1021	1067	1113	1159	1205	1251	1297	1343	1389	1435	1481	1527	1573	1619	1665	1711	1757	1803	1849	1895	1941	1987	2033	2079	2125	2171
9	55	101	147	193	239	285	331	377	470	516	562	608	654	700	746	792	838	884	930	976	1022	1068	1114	1160	1206	1252	1298	1344	1390	1436	1482	1528	1574	1620	1666	1712	1758	1804	1850	1896	1942	1988	2034	2080	2126	2172
10	56	102	148	194	240	286	332	378	424	517	563	609	655	701	747	793	839	885	931	977	1023	1069	1115	1161	1207	1253	1299	1345	1391	1437	1483	1529	1575	1621	1667	1713	1759	1805	1851	1897	1943	1989	2035	2081	2127	2173
11	57	103	149	195	241	287	333	379	425	471	564	610	656	702	748	794	840	886	932	978	1024	1070	1116	1162	1208	1254	1300	1346	1392	1438	1484	1530	1576	1622	1668	1714	1760	1806	1852	1898	1944	1990	2036	2082	2128	2174
12	58	104	150	196	242	288	334	380	426	472	518	611	657	703	749	795	841	887	933	979	1025	1071	1117	1163	1209	1255	1301	1347	1393	1439	1485	1531	1577	1623	1669	1715	1761	1807	1853	1899	1945	1991	2037	2083	2129	2175
13	59	105	151	197	243	289	335	381	427	473	519	565	658	704	750	796	842	888	934	980	1026	1072	1118	1164	1210	1256	1302	1348	1394	1440	1486	1532	1578	1624	1670	1716	1762	1808	1854	1900	1946	1992	2038	2084	2130	2176
14	60	106	152	198	244	290	336	382	428	474	520	566	612	705	751	797	843	889	935	981	1027	1073	1119	1165	1211	1257	1303	1349	1395	1441	1487	1533	1579	1625	1671	1717	1763	1809	1855	1901	1947	1993	2039	2085	2131	2177
15	61	107	153	199	245	291	337	383	429	475	521	567	613	659	752	798	844	890	936	982	1028	1074	1120	1166	1212	1258	1304	1350	1396	1442	1488	1534	1580	1626	1672	1718	1764	1810	1856	1902	1948	1994	2040	2086	2132	2178
16	62	108	154	200	246	292	338	384	430	476	522	568	614	660	706	799	845	891	937	983	1029	1075	1121	1167	1213	1259	1305	1351	1397	1443	1489	1535	1581	1627	1673	1719	1765	1811	1857	1903	1949	1995	2041	2087	2133	2179
17	63	109	155	201	247	293	339	385	431	477	523	569	615	661	707	753	846	892	938	984	1030	1076	1122	1168	1214	1260	1306	1352	1398	1444	1490	1536	1582	1628	1674	1720	1766	1812	1858	1904	1950	1996	2042	2088	2134	2180
18	64	110	156	202	248	294	340	386	432	478	524	570	616	662	708	754	800	893	939	985	1031	1077	1123	1169	1215	1261	1307	1353	1399	1445	1491	1537	1583	1629	1675	1721	1767	1813	1859	1905	1951	1997	2043	2089	2135	2181
19	65	111	157	203	249	295	341	387	433	479	525	571	617	663	709	755	801	847	940	986	1032	1078	1124	1170	1216	1262	1308	1354	1400	1446	1492	1538	1584	1630	1676	1722	1768	1814	1860	1906	1952	1998	2044	2090	2136	2182
20	66	112	158	204	250	296	342	388	434	480	526	572	618	664	710	756	802	848	894	987	1033	1079	1125	1171	1217	1263	1309	1355	1401	1447	1493	1539	1585	1631	1677	1723	1769	1815	1861	1907	1953	1999	2045	2091	2137	2183
21	67	113	159	205	251	297	343	389	435	481	527	573	619	665	711	757	803	849	895	941	1034	1080	1126	1172	1218	1264	1310	1356	1402	1448	1494	1540	1586	1632	1678	1724	1770	1816	1862	1908	1954	2000	2046	2092	2138	2184
22	68	114	160	206	252	298	344	390	436	482	528	574	620	666	712	758	804	850	896	942	988	1081	1127	1173	1219	1265	1311	1357	1403	1449	1495	1541	1587	1633	1679	1725	1771	1817	1863	1909	1955	2001	2047	2093	2139	2185
23	69	115	161	207	253	299	345	391	437	483	529	575	621	667	713	759	805	851	897	943	989	1035	1128	1174	1220	1266	1312	1358	1404	1450	1496	1542	1588	1634	1680	1726	1772	1818	1864	1910	1956	2002	2048	2094	2140	2186
24	70	116	162	208	254	300	346	392	438	484	530	576	622	668	714	760	806	852	898	944	990	1036	1082	1175	1221	1267	1313	1359	1405	1451	1497	1543	1589	1635	1681	1727	1773	1819	1865	1911	1957	2003	2049	2095	2141	2187
25	71	117	163	209	255	301	347	393	439	485	531	577	623	669	715	761	807	853	899	945	991	1037	1083	1129	1222	1268	1314	1360	1406	1452	1498	1544	1590	1636	1682	1728	1774	1820	1866	1912	1958	2004	2050	2096	2142	2188
26	72	118	164	210	256	302	348	394	440	486	532	578	624	670	716	762	808	854	900	946	992	1038	1084	1130	1176	1269	1315	1361	1407	1453	1499	1545	1591	1637	1683	1729	1775	1821	1867	1913	1959	2005	2051	2097	2143	2189
27	73	119	165	211	257	303	349	395	441	487	533	579	625	671	717	763	809	855	901	947	993	1039	1085	1131	1177	1223	1316	1362	1408	1454	1500	1546	1592	1638	1684	1730	1776	1822	1868	1914	1960	2006	2052	2098	2144	2190
28	74	120	166	212	258	304	350	396	442	488	534	580	626	672	718	764	810	856	902	948	994	1040	1086	1132	1178	1224	1270	1363	1409	1455	1501	1547	1593	1639	1685	1731	1777	1823	1869	1915	1961	2007	2053	2099	2145	2191
29	75	121	167	213	259	305	351	397	443	489	535	581	627	673	719	765	811	857	903	949	995	1041	1087	1133	1179	1225	1271	1317	1410	1456	1502	1548	1594	1640	1686	1732	1778	1824	1870	1916	1962	2008	2054	2100	2146	2192
30	76	122	168	214	260	306	352	398	444	490	536	582	628	674	720	766	812	858	904	950	996	1042	1088	1134	1180	1226	1272	1318	1364	1457	1503	1549	1595	1641	1687	1733	1779	1825	1871	1917	1963	2009	2055	2101	2147	2193
31	77	123	169	215	261	307	353	399	445	491	537	583	629	675	721	767	813	859	905	951	997	1043	1089	1135	1181	1227	1273	1319	1365	1411	1504	1550	1596	1642	1688	1734	1780	1826	1872	1918	1964	2010	2056	2102	2148	2194
32	78	124	170	216	262	308	354	400	446	492	538	584	630	676	722	768	814	860	906	952	998	1044	1090	1136	1182	1228	1274	1320	1366	1412	1458	1551	1597	1643	1689	1735	1781	1827	1873	1919	1965	2011	2057	2103	2149	2195
33	79	125	171	217	263	309	355	401	447	493	539	585	631	677	723	769	815	861	907	953	999	1045	1091	1137	1183	1229	1275	1321	1367	1413	1459	1505	1598	1644	1690	1736	1782	1828	1874	1920	1966	2012	2058	2104	2150	2196
34	80	126	172	218	264	310	356	402	448	494	540	586	632	678	724	770	816	862	908	954	1000	1046	1092	1138	1184	1230	1276	1322	1368	1414	1460	1506	1552	1645	1691	1737	1783	1829	1875	1921	1967	2013	2059	2105	2151	2197
35	81	127	173	219	265	311	357	403	449	495	541	587	633	679	725	771	817	863	909	955	1001	1047	1093	1139	1185	1231	1277	1323	1369	1415	1461	1507	1553	1599	1692	1738	1784	1830	1876	1922	1968	2014	2060	2106	2152	2198
36	82	128	174	220	266	312	358	404	450	496	542	588	634	680	726	772	818	864	910	956	1002	1048	1094	1140	1186	1232	1278	1324	1370	1416	1462	1508	1554	1600	1646	1739	1785	1831	1877	1923	1969	2015	2061	2107	2153	2199
37	83	129	175	221	267	313	359	405	451	497	543	589	635	681	727	773	819	865	911	957	1003	1049	1095	1141	1187	1233	1279	1325	1371	1417	1463	1509	1555	1601	1647	1693	1786	1832	1878	1924	1970	2016	2062	2108	2154	2200
38	84	130	176	222	268	314	360	406	452	498	544	590	636	682	728	774	820	866	912	958	1004	1050	1096	1142	1188	1234	1280	1326	1372	1418	1464	1510	1556	1602	1648	1694	1740	1833	1879	1925	1971	2017	2063	2109	2155	2201
39	85	131	177	223	269	315	361	407	453	499	545	591	637	683	729	775	821	867	913	959	1005	1051	1097	1143	1189	1235	1281	1327	1373	1419	1465	1511	1557	1603	1649	1695	1741	1787	1880	1926	1972	2018	2064	2110	2156	2202
40	86	132	178	224	270	316	362	408	454	500	546	592	638	684	730	776	822	868	914	960	1006	1052	1098	1144	1190	1236	1282	1328	1374	1420	1466	1512	1558	1604	1650	1696	1742	1788	1834	1927	1973	2019	2065	2111	2157	2203
41	87	133	179	225	271	317	363	409	455	501	547	593	639	685	731	777	823	869	915	961	1007	1053	1099	1145	1191	1237	1283	1329	1375	1421	1467	1513	1559	1605	1651	1697	1743	1789	1835	1881	1974	2020	2066	2112	2158	2204
42	88	134	180	226	272	318	364	410	456	502	548	594	640	686	732	778	824	870	916	962	1008	1054	1100	1146	1192	1238	1284	1330	1376	1422	1468	1514	1560	1606	1652	1698	1744	1790	1836	1882	1928	2021	2067	2113	2159	2205
43	89	135	181	227	273	319	365	411	457	503	549	595	641	687	733	779	825	871	917	963	1009	1055	1101	1147	1193	1239	1285	1331	1377	1423	1469	1515	1561	1607	1653	1699	1745	1791	1837	1883	1929	1975	2068	2114	2160	2206
44	90	136	182	228	274	320	366	412	458	504	550	596	642	688	734	780	826	872	918	964	1010	1056	1102	1148	1194	1240	1286	1332	1378	1424	1470	1516	1562	1608	1654	1700	1746	1792	1838	1884	1930	1976	2022	2115	2161	2207
45	91	137	183	229	275	321	367	413	459	505	551	597	643	689	735	781	827	873	919	965	1011	1057	1103	1149	1195	1241	1287	1333	1379	1425	1471	1517	1563	1609	1655	1701	1747	1793	1839	1885	1931	1977	2023	2069	2162	2208
46	92	138	184	230	276	322	368	414	460	506	552	598	644	690	736	782	828	874	920	966	1012	1058	1104	1150	1196	1242	1288	1334	1380	1426	1472	1518	1564	1610	1656	1702	1748	1794	1840	1886	1932	1978	2024	2070	2116	2209
47	93	139	185	231	277	323	369	415	461	507	553	599	645	691	737	783	829	875	921	967	1013	1059	1105	1151	1197	1243	1289	1335	1381	1427	1473	1519	1565	1611	1657	1703	1749	1795	1841	1887	1933	1979	2025	2071	2117	2163
1	93	138	183	228	273	318	363	408	453	498	543	588	633	678	723	768	813	858	903	948	993	1038	1083	1175	1220	1265	1310	1355	1400	1445	1490	1535	1580	1625	1670	1715	1760	1805	1850	1895	1940	1985	2030	2075	2120	2165
2	94	139	184	229	274	319	364	409	454	499	544	589	634	679	724	769	814	859	904	949	994	1039	1084	1129	1221	1266	1311	1356	1401	1446	1491	1536	1581	1626	1671	1716	1761	1806	1851	1896	1941	1986	2031	2076	2121	2166
3	48	140	185	230	275	320	365	410	455	500	545	590	635	680	725	770	815	860	905	950	995	1040	1085	1130	1222	1267	1312	1357	1402	1447	1492	1537	1582	1627	1672	1717	1762	1807	1852	1897	1942	1987	2032	2077	2122	2167
4	49	141	186	231	276	321	366	411	456	501	546	591	636	681	726	771	816	861	906	951	996	1041	1086	1131	1176	1268	1313	1358	1403	1448	1493	1538	1583	1628	1673	1718	1763	1808	1853	1898	1943	1988	2033	2078	2123	2168
5	50	95	187	232	277	322	367	412	457	502	547	592	637	682	727	772	817	862	907	952	997	1042	1087	1132	1177	1269	1314	1359	1404	1449	1494	1539	1584	1629	1674	1719	1764	1809	1854	1899	1944	1989	2034	2079	2124	2169
6	51	96	188	233	278	323	368	413	458	503	548	593	638	683	728	773	818	863	908	953	998	1043	1088	1133	1178	1223	1315	1360	1405	1450	1495	1540	1585	1630	1675	1720	1765	1810	1855	1900	1945	1990	2035	2080	2125	2170
7	52	97	142	234	279	324	369	414	459	504	549	594	639	684	729	774	819	864	909	954	999	1044	1089	1134	1179	1224	1316	1361	1406	1451	1496	1541	1586	1631	1676	1721	1766	1811	1856	1901	1946	1991	2036	2081	2126	2171
8	53	98	143	235	280	325	370	415	460	505	550	595	640	685	730	775	820	865	910	955	1000	1045	1090	1135	1180	1225	1270	1362	1407	1452	1497	1542	1587	1632	1677	1722	1767	1812	1857	1902	1947	1992	2037	2082	2127	2172
9	54	99	144	189	281	326	371	416	461	506	551	596	641	686	731	776	821	866	911	956	1001	1046	1091	1136	1181	1226	1271	1363	1408	1453	1498	1543	1588	1633	1678	1723	1768	1813	1858	1903	1948	1993	2038	2083	2128	2173
10	55	100	145	190	282	327	372	417	462	507	552	597	642	687	732	777	822	867	912	957	1002	1047	1092	1137	1182	1227	1272	1317	1409	1454	1499	1544	1589	1634	1679	1724	1769	1814	1859	1904	1949	1994	2039	2084	2129	2174
11	56	101	146	191	236	328	373	418	463	508	553	598	643	688	733	778	823	868	913	958	1003	1048	1093	1138	1183	1228	1273	1318	1410	1455	1500	1545	1590	1635	1680	1725	1770	1815	1860	1905	1950	1995	2040	2085	2130	2175
12	57	102	147	192	237	329	374	419	464	509	554	599	644	689	734	779	824	869	914	959	1004	1049	1094	1139	1184	1229	1274	1319	1364	1456	1501	1546	1591	1636	1681	1726	1771	1816	1861	1906	1951	1996	2041	2086	2131	2176
13	58	103	148	193	238	283	375	420	465	510	555	600	645	690	735	780	825	870	915	960	1005	1050	1095	1140	1185	1230	1275	1320	1365	1457	1502	1547	1592	1637	1682	1727	1772	1817	1862	1907	1952	1997	2042	2087	2132	2177
14	59	104	149	194	239	284	376	421	466	511	556	601	646	691	736	781	826	871	916	961	1006	1051	1096	1141	1186	1231	1276	1321	1366	1411	1503	1548	1593	1638	1683	1728	1773	1818	1863	1908	1953	1998	2043	2088	2133	2178
15	60	105	150	195	240	285	330	422	467	512	557	602	647	692	737	782	827	872	917	962	1007	1052	1097	1142	1187	1232	1277	1322	1367	1412	1504	1549	1594	1639	1684	1729	1774	1819	1864	1909	1954	1999	2044	2089	2134	2179
16	61	106	151	196	241	286	331	423	468	513	558	603	648	693	738	783	828	873	918	963	1008	1053	1098	1143	1188	1233	1278	1323	1368	1413	1458	1550	1595	1640	1685	1730	1775	1820	1865	1910	1955	2000	2045	2090	2135	2180
17	62	107	152	197	242	287	332	377	469	514	559	604	649	694	739	784	829	874	919	964	1009	1054	1099	1144	1189	1234	1279	1324	1369	1414	1459	1551	1596	1641	1686	1731	1776	1821	1866	1911	1956	2001	2046	2091	2136	2181
18	63	108	153	198	243	288	333	378	470	515	560	605	650	695	740	785	830	875	920	965	1010	1055	1100	1145	1190	1235	1280	1325	1370	1415	1460	1505	1597	1642	1687	1732	1777	1822	1867	1912	1957	2002	2047	2092	2137	2182
19	64	109	154	199	244	289	334	379	424	516	561	606	651	696	741	786	831	876	921	966	1011	1056	1101	1146	1191	1236	1281	1326	1371	1416	1461	1506	1598	1643	1688	1733	1778	1823	1868	1913	1958	2003	2048	2093	2138	2183
20	65	110	155	200	245	290	335	380	425	517	562	607	652	697	742	787	832	877	922	967	1012	1057	1102	1147	1192	1237	1282	1327	1372	1417	1462	1507	1552	1644	1689	1734	1779	1824	1869	1914	1959	2004	2049	2094	2139	2184
21	66	111	156	201	246	291	336	381	426	471	563	608	653	698	743	788	833	878	923	968	1013	1058	1103	1148	1193	1238	1283	1328	1373	1418	1463	1508	1553	1645	1690	1735	1780	1825	1870	1915	1960	2005	2050	2095	2140	2185
22	67	112	157	202	247	292	337	382	427	472	564	609	654	699	744	789	834	879	924	969	1014	1059	1104	1149	1194	1239	1284	1329	1374	1419	1464	1509	1554	1599	1691	1736	1781	1826	1871	1916	1961	2006	2051	2096	2141	2186
23	68	113	158	203	248	293	338	383	428	473	518	610	655	700	745	790	835	880	925	970	1015	1060	1105	1150	1195	1240	1285	1330	1375	1420	1465	1510	1555	1600	1692	1737	1782	1827	1872	1917	1962	2007	2052	2097	2142	2187
24	69	114	159	204	249	294	339	384	429	474	519	611	656	701	746	791	836	881	926	971	1016	1061	1106	1151	1196	1241	1286	1331	1376	1421	1466	1511	1556	1601	1646	1738	1783	1828	1873	1918	1963	2008	2053	2098	2143	2188
25	70	115	160	205	250	295	340	385	430	475	520	565	657	702	747	792	837	882	927	972	1017	1062	1107	1152	1197	1242	1287	1332	1377	1422	1467	1512	1557	1602	1647	1739	1784	1829	1874	1919	1964	2009	2054	2099	2144	2189
26	71	116	161	206	251	296	341	386	431	476	521	566	658	703	748	793	838	883	928	973	1018	1063	1108	1153	1198	1243	1288	1333	1378	1423	1468	1513	1558	1603	1648	1693	1785	1830	1875	1920	1965	2010	2055	2100	2145	2190
27	72	117	162	207	252	297	342	387	432	477	522	567	612	704	749	794	839	884	929	974	1019	1064	1109	1154	1199	1244	1289	1334	1379	1424	1469	1514	1559	1604	1649	1694	1786	1831	1876	1921	1966	2011	2056	2101	2146	2191
28	73	118	163	208	253	298	343	388	433	478	523	568	613	705	750	795	840	885	930	975	1020	1065	1110	1155	1200	1245	1290	1335	1380	1425	1470	1515	1560	1605	1650	1695	1740	1832	1877	1922	1967	2012	2057	2102	2147	2192
29	74	119	164	209	254	299	344	389	434	479	524	569	614	659	751	796	841	886	931	976	1021	1066	1111	1156	1201	1246	1291	1336	1381	1426	1471	1516	1561	1606	1651	1696	1741	1833	1878	1923	1968	2013	2058	2103	2148	2193
30	75	120	165	210	255	300	345	390	435	480	525	570	615	660	752	797	842	887	932	977	1022	1067	1112	1157	1202	1247	1292	1337	1382	1427	1472	1517	1562	1607	1652	1697	1742	1787	1879	1924	1969	2014	2059	2104	2149	2194
31	76	121	166	211	256	301	346	391	436	481	526	571	616	661	706	798	843	888	933	978	1023	1068	1113	1158	1203	1248	1293	1338	1383	1428	1473	1518	1563	1608	1653	1698	1743	1788	1880	1925	1970	2015	2060	2105	2150	2195
32	77	122	167	212	257	302	347	392	437	482	527	572	617	662	707	799	844	889	934	979	1024	1069	1114	1159	1204	1249	1294	1339	1384	1429	1474	1519	1564	1609	1654	1699	1744	1789	1834	1926	1971	2016	2061	2106	2151	2196
33	78	123	168	213	258	303	348	393	438	483	528	573	618	663	708	753	845	890	935	980	1025	1070	1115	1160	1205	1250	1295	1340	1385	1430	1475	1520	1565	1610	1655	1700	1745	1790	1835	1927	1972	2017	2062	2107	2152	2197
34	79	124	169	214	259	304	349	394	439	484	529	574	619	664	709	754	846	891	936	981	1026	1071	1116	1161	1206	1251	1296	1341	1386	1431	1476	1521	1566	1611	1656	1701	1746	1791	1836	1881	1973	2018	2063	2108	2153	2198
35	80	125	170	215	260	305	350	395	440	485	530	575	620	665	710	755	800	892	937	982	1027	1072	1117	1162	1207	1252	1297	1342	1387	1432	1477	1522	1567	1612	1657	1702	1747	1792	1837	1882	1974	2019	2064	2109	2154	2199
36	81	126	171	216	261	306	351	396	441	486	531	576	621	666	711	756	801	893	938	983	1028	1073	1118	1163	1208	1253	1298	1343	1388	1433	1478	1523	1568	1613	1658	1703	1748	1793	1838	1883	1928	2020	2065	2110	2155	2200
37	82	127	172	217	262	307	352	397	442	487	532	577	622	667	712	757	802	847	939	984	1029	1074	1119	1164	1209	1254	1299	1344	1389	1434	1479	1524	1569	1614	1659	1704	1749	1794	1839	1884	1929	2021	2066	2111	2156	2201
38	83	128	173	218	263	308	353	398	443	488	533	578	623	668	713	758	803	848	940	985	1030	1075	1120	1165	1210	1255	1300	1345	1390	1435	1480	1525	1570	1615	1660	1705	1750	1795	1840	1885	1930	1975	2067	2112	2157	2202
39	84	129	174	219	264	309	354	399	444	489	534	579	624	669	714	759	804	849	894	986	1031	1076	1121	1166	1211	1256	1301	1346	1391	1436	1481	1526	1571	1616	1661	1706	1751	1796	1841	1886	1931	1976	2068	2113	2158	2203
40	85	130	175	220	265	310	355	400	445	490	535	580	625	670	715	760	805	850	895	987	1032	1077	1122	1167	1212	1257	1302	1347	1392	1437	1482	1527	1572	1617	1662	1707	1752	1797	1842	1887	1932	1977	2022	2114	2159	2204
41	86	131	176	221	266	311	356	401	446	491	536	581	626	671	716	761	806	851	896	941	1033	1078	1123	1168	1213	1258	1303	1348	1393	1438	1483	1528	1573	1618	1663	1708	1753	1798	1843	1888	1933	1978	2023	2115	2160	2205
42	87	132	177	222	267	312	357	402	447	492	537	582	627	672	717	762	807	852	897	942	1034	1079	1124	1169	1214	1259	1304	1349	1394	1439	1484	1529	1574	1619	1664	1709	1754	1799	1844	1889	1934	1979	2024	2069	2161	2206
43	88	133	178	223	268	313	358	403	448	493	538	583	628	673	718	763	808	853	898	943	988	1080	1125	1170	1215	1260	1305	1350	1395	1440	1485	1530	1575	1620	1665	1710	1755	1800	1845	1890	1935	1980	2025	2070	2162	2207
44	89	134	179	224	269	314	359	404	449	494	539	584	629	674	719	764	809	854	899	944	989	1081	1126	1171	1216	1261	1306	1351	1396	1441	1486	1531	1576	1621	1666	1711	1756	1801	1846	1891	1936	1981	2026	2071	2116	2208
45	90	135	180	225	270	315	360	405	450	495	540	585	630	675	720	765	810	855	900	945	990	1035	1127	1172	1217	1262	1307	1352	1397	1442	1487	1532	1577	1622	1667	1712	1757	1802	1847	1892	1937	1982	2027	2072	2117	2209
46	91	136	181	226	271	316	361	406	451	496	541	586	631	676	721	766	811	856	901	946	991	1036	1128	1173	1218	1263	1308	1353	1398	1443	1488	1533	1578	1623	1668	1713	1758	1803	1848	1893	1938	1983	2028	2073	2118	2163
47	92	137	182	227	272	317	362	407	452	497	542	587	632	677	722	767	812	857	902	947	992	1037	1082	1174	1219	1264	1309	1354	1399	1444	1489	1534	1579	1624	1669	1714	1759	1804	1849	1894	1939	1984	2029	2074	2119	2164
1	92	136	180	224	268	312	356	400	444	488	532	576	620	664	708	799	843	887	931	975	1019	1063	1107	1151	1195	1239	1283	1327	1371	1415	1459	1550	1594	1638	1682	1726	1770	1814	1858	1902	1946	1990	2034	2078	2122	2166
2	93	137	181	225	269	313	357	401	445	489	533	577	621	665	709	753	844	888	932	976	1020	1064	1108	1152	1196	1240	1284	1328	1372	1416	1460	1551	1595	1639	1683	1727	1771	1815	1859	1903	1947	1991	2035	2079	2123	2167
3	94	138	182	226	270	314	358	402	446	490	534	578	622	666	710	754	845	889	933	977	1021	1065	1109	1153	1197	1241	1285	1329	1373	1417	1461	1505	1596	1640	1684	1728	1772	1816	1860	1904	1948	1992	2036	2080	2124	2168
4	48	139	183	227	271	315	359	403	447	491	535	579	623	667	711	755	846	890	934	978	1022	1066	1110	1154	1198	1242	1286	1330	1374	1418	1462	1506	1597	1641	1685	1729	1773	1817	1861	1905	1949	1993	2037	2081	2125	2169
5	49	140	184	228	272	316	360	404	448	492	536	580	624	668	712	756	800	891	935	979	1023	1067	1111	1155	1199	1243	1287	1331	1375	1419	1463	1507	1598	1642	1686	1730	1774	1818	1862	1906	1950	1994	2038	2082	2126	2170
6	50	141	185	229	273	317	361	405	449	493	537	581	625	669	713	757	801	892	936	980	1024	1068	1112	1156	1200	1244	1288	1332	1376	1420	1464	1508	1552	1643	1687	1731	1775	1819	1863	1907	1951	1995	2039	2083	2127	2171
7	51	95	186	230	274	318	362	406	450	494	538	582	626	670	714	758	802	893	937	981	1025	1069	1113	1157	1201	1245	1289	1333	1377	1421	1465	1509	1553	1644	1688	1732	1776	1820	1864	1908	1952	1996	2040	2084	2128	2172
8	52	96	187	231	275	319	363	407	451	495	539	583	627	671	715	759	803	847	938	982	1026	1070	1114	1158	1202	1246	1290	1334	1378	1422	1466	1510	1554	1645	1689	1733	1777	1821	1865	1909	1953	1997	2041	2085	2129	2173
9	53	97	188	232	276	320	364	408	452	496	540	584	628	672	716	760	804	848	939	983	1027	1071	1115	1159	1203	1247	1291	1335	1379	1423	1467	1511	1555	1599	1690	1734	1778	1822	1866	1910	1954	1998	2042	2086	2130	2174
10	54	98	142	233	277	321	365	409	453	497	541	585	629	673	717	761	805	849	940	984	1028	1072	1116	1160	1204	1248	1292	1336	1380	1424	1468	1512	1556	1600	1691	1735	1779	1823	1867	1911	1955	1999	2043	2087	2131	2175
11	55	99	143	234	278	322	366	410	454	498	542	586	630	674	718	762	806	850	894	985	1029	1073	1117	1161	1205	1249	1293	1337	1381	1425	1469	1513	1557	1601	1692	1736	1780	1824	1868	1912	1956	2000	2044	2088	2132	2176
12	56	100	144	235	279	323	367	411	455	499	543	587	631	675	719	763	807	851	895	986	1030	1074	1118	1162	1206	1250	1294	1338	1382	1426	1470	1514	1558	1602	1646	1737	1781	1825	1869	1913	1957	2001	2045	2089	2133	2177
13	57	101	145	189	280	324	368	412	456	500	544	588	632	676	720	764	808	852	896	987	1031	1075	1119	1163	1207	1251	1295	1339	1383	1427	1471	1515	1559	1603	1647	1738	1782	1826	1870	1914	1958	2002	2046	2090	2134	2178
14	58	102	146	190	281	325	369	413	457	501	545	589	633	677	721	765	809	853	897	941	1032	1076	1120	1164	1208	1252	1296	1340	1384	1428	1472	1516	1560	1604	1648	1739	1783	1827	1871	1915	1959	2003	2047	2091	2135	2179
15	59	103	147	191	282	326	370	414	458	502	546	590	634	678	722	766	810	854	898	942	1033	1077	1121	1165	1209	1253	1297	1341	1385	1429	1473	1517	1561	1605	1649	1693	1784	1828	1872	1916	1960	2004	2048	2092	2136	2180
16	60	104	148	192	236	327	371	415	459	503	547	591	635	679	723	767	811	855	899	943	1034	1078	1122	1166	1210	1254	1298	1342	1386	1430	1474	1518	1562	1606	1650	1694	1785	1829	1873	1917	1961	2005	2049	2093	2137	2181
17	61	105	149	193	237	328	372	416	460	504	548	592	636	680	724	768	812	856	900	944	988	1079	1123	1167	1211	1255	1299	1343	1387	1431	1475	1519	1563	1607	1651	1695	1786	1830	1874	1918	1962	2006	2050	2094	2138	2182
18	62	106	150	194	238	329	373	417	461	505	549	593	637	681	725	769	813	857	901	945	989	1080	1124	1168	1212	1256	1300	1344	1388	1432	1476	1520	1564	1608	1652	1696	1740	1831	1875	1919	1963	2007	2051	2095	2139	2183
19	63	107	151	195	239	283	374	418	462	506	550	594	638	682	726	770	814	858	902	946	990	1081	1125	1169	1213	1257	1301	1345	1389	1433	1477	1521	1565	1609	1653	1697	1741	1832	1876	1920	1964	2008	2052	2096	2140	2184
20	64	108	152	196	240	284	375	419	463	507	551	595	639	683	727	771	815	859	903	947	991	1035	1126	1170	1214	1258	1302	1346	1390	1434	1478	1522	1566	1610	1654	1698	1742	1833	1877	1921	1965	2009	2053	2097	2141	2185
21	65	109	153	197	241	285	376	420	464	508	552	596	640	684	728	772	816	860	904	948	992	1036	1127	1171	1215	1259	1303	1347	1391	1435	1479	1523	1567	1611	1655	1699	1743	1787	1878	1922	1966	2010	2054	2098	2142	2186
22	66	110	154	198	242	286	330	421	465	509	553	597	641	685	729	773	817	861	905	949	993	1037	1128	1172	1216	1260	1304	1348	1392	1436	1480	1524	1568	1612	1656	1700	1744	1788	1879	1923	1967	2011	2055	2099	2143	2187
23	67	111	155	199	243	287	331	422	466	510	554	598	642	686	730	774	818	862	906	950	994	1038	1082	1173	1217	1261	1305	1349	1393	1437	1481	1525	1569	1613	1657	1701	1745	1789	1880	1924	1968	2012	2056	2100	2144	2188
24	68	112	156	200	244	288	332	423	467	511	555	599	643	687	731	775	819	863	907	951	995	1039	1083	1174	1218	1262	1306	1350	1394	1438	1482	1526	1570	1614	1658	1702	1746	1790	1834	1925	1969	2013	2057	2101	2145	2189
25	69	113	157	201	245	289	333	377	468	512	556	600	644	688	732	776	820	864	908	952	996	1040	1084	1175	1219	1263	1307	1351	1395	1439	1483	1527	1571	1615	1659	1703	1747	1791	1835	1926	1970	2014	2058	2102	2146	2190
26	70	114	158	202	246	290	334	378	469	513	557	601	645	689	733	777	821	865	909	953	997	1041	1085	1129	1220	1264	1308	1352	1396	1440	1484	1528	1572	1616	1660	1704	1748	1792	1836	1927	1971	2015	2059	2103	2147	2191
27	71	115	159	203	247	291	335	379	470	514	558	602	646	690	734	778	822	866	910	954	998	1042	1086	1130	1221	1265	1309	1353	1397	1441	1485	1529	1573	1617	1661	1705	1749	1793	1837	1881	1972	2016	2060	2104	2148	2192
28	72	116	160	204	248	292	336	380	424	515	559	603	647	691	735	779	823	867	911	955	999	1043	1087	1131	1222	1266	1310	1354	1398	1442	1486	1530	1574	1618	1662	1706	1750	1794	1838	1882	1973	2017	2061	2105	2149	2193
29	73	117	161	205	249	293	337	381	425	516	560	604	648	692	736	780	824	868	912	956	1000	1044	1088	1132	1176	1267	1311	1355	1399	1443	1487	1531	1575	1619	1663	1707	1751	1795	1839	1883	1974	2018	2062	2106	2150	2194
30	74	118	162	206	250	294	338	382	426	517	561	605	649	693	737	781	825	869	913	957	1001	1045	1089	1133	1177	1268	1312	1356	1400	1444	1488	1532	1576	1620	1664	1708	1752	1796	1840	1884	1928	2019	2063	2107	2151	2195
31	75	119	163	207	251	295	339	383	427	471	562	606	650	694	738	782	826	870	914	958	1002	1046	1090	1134	1178	1269	1313	1357	1401	1445	1489	1533	1577	1621	1665	1709	1753	1797	1841	1885	1929	2020	2064	2108	2152	2196
32	76	120	164	208	252	296	340	384	428	472	563	607	651	695	739	783	827	871	915	959	1003	1047	1091	1135	1179	1223	1314	1358	1402	1446	1490	1534	1578	1622	1666	1710	1754	1798	1842	1886	1930	2021	2065	2109	2153	2197
33	77	121	165	209	253	297	341	385	429	473	564	608	652	696	740	784	828	872	916	960	1004	1048	1092	1136	1180	1224	1315	1359	1403	1447	1491	1535	1579	1623	1667	1711	1755	1799	1843	1887	1931	1975	2066	2110	2154	2198
34	78	122	166	210	254	298	342	386	430	474	518	609	653	697	741	785	829	873	917	961	1005	1049	1093	1137	1181	1225	1316	1360	1404	1448	1492	1536	1580	1624	1668	1712	1756	1800	1844	1888	1932	1976	2067	2111	2155	2199
35	79	123	167	211	255	299	343	387	431	475	519	610	654	698	742	786	830	874	918	962	1006	1050	1094	1138	1182	1226	1270	1361	1405	1449	1493	1537	1581	1625	1669	1713	1757	1801	1845	1889	1933	1977	2068	2112	2156	2200
36	80	124	168	212	256	300	344	388	432	476	520	611	655	699	743	787	831	875	919	963	1007	1051	1095	1139	1183	1227	1271	1362	1406	1450	1494	1538	1582	1626	1670	1714	1758	1802	1846	1890	1934	1978	2022	2113	2157	2201
37	81	125	169	213	257	301	345	389	433	477	521	565	656	700	744	788	832	876	920	964	1008	1052	1096	1140	1184	1228	1272	1363	1407	1451	1495	1539	1583	1627	1671	1715	1759	1803	1847	1891	1935	1979	2023	2114	2158	2202
38	82	126	170	214	258	302	346	390	434	478	522	566	657	701	745	789	833	877	921	965	1009	1053	1097	1141	1185	1229	1273	1317	1408	1452	1496	1540	1584	1628	1672	1716	1760	1804	1848	1892	1936	1980	2024	2115	2159	2203
39	83	127	171	215	259	303	347	391	435	479	523	567	658	702	746	790	834	878	922	966	1010	1054	1098	1142	1186	1230	1274	1318	1409	1453	1497	1541	1585	1629	1673	1717	1761	1805	1849	1893	1937	1981	2025	2069	2160	2204
40	84	128	172	216	260	304	348	392	436	480	524	568	612	703	747	791	835	879	923	967	1011	1055	1099	1143	1187	1231	1275	1319	1410	1454	1498	1542	1586	1630	1674	1718	1762	1806	1850	1894	1938	1982	2026	2070	2161	2205
41	85	129	173	217	261	305	349	393	437	481	525	569	613	704	748	792	836	880	924	968	1012	1056	1100	1144	1188	1232	1276	1320	1364	1455	1499	1543	1587	1631	1675	1719	1763	1807	1851	1895	1939	1983	2027	2071	2162	2206
42	86	130	174	218	262	306	350	394	438	482	526	570	614	705	749	793	837	881	925	969	1013	1057	1101	1145	1189	1233	1277	1321	1365	1456	1500	1544	1588	1632	1676	1720	1764	1808	1852	1896	1940	1984	2028	2072	2116	2207
43	87	131	175	219	263	307	351	395	439	483	527	571	615	659	750	794	838	882	926	970	1014	1058	1102	1146	1190	1234	1278	1322	1366	1457	1501	1545	1589	1633	1677	1721	1765	1809	1853	1897	1941	1985	2029	2073	2117	2208
44	88	132	176	220	264	308	352	396	440	484	528	572	616	660	751	795	839	883	927	971	1015	1059	1103	1147	1191	1235	1279	1323	1367	1411	1502	1546	1590	1634	1678	1722	1766	1810	1854	1898	1942	1986	2030	2074	2118	2209
45	89	133	177	221	265	309	353	397	441	485	529	573	617	661	752	796	840	884	928	972	1016	1060	1104	1148	1192	1236	1280	1324	1368	1412	1503	1547	1591	1635	1679	1723	1767	1811	1855	1899	1943	1987	2031	2075	2119	2163
46	90	134	178	222	266	310	354	398	442	486	530	574	618	662	706	797	841	885	929	973	1017	1061	1105	1149	1193	1237	1281	1325	1369	1413	1504	1548	1592	1636	1680	1724	1768	1812	1856	1900	1944	1988	2032	2076	2120	2164
47	91	135	179	223	267	311	355	399	443	487	531	575	619	663	707	798	842	886	930	974	1018	1062	1106	1150	1194	1238	1282	1326	1370	1414	1458	1549	1593	1637	1681	1725	1769	1813	1857	1901	1945	1989	2033	2077	2121	2165
1	91	134	177	220	263	306	349	392	435	478	521	611	654	697	740	783	826	869	912	955	998	1041	1084	1174	1217	1260	1303	1346	1389	1432	1475	1518	1561	1604	1647	1737	1780	1823	1866	1909	1952	1995	2038	2081	2124	2167
2	92	135	178	221	264	307	350	393	436	479	522	565	655	698	741	784	827	870	913	956	999	1042	1085	1175	1218	1261	1304	1347	1390	1433	1476	1519	1562	1605	1648	1738	1781	1824	1867	1910	1953	1996	2039	2082	2125	2168
3	93	136	179	222	265	308	351	394	437	480	523	566	656	699	742	785	828	871	914	957	1000	1043	1086	1129	1219	1262	1305	1348	1391	1434	1477	1520	1563	1606	1649	1739	1782	1825	1868	1911	1954	1997	2040	2083	2126	2169
4	94	137	180	223	266	309	352	395	438	481	524	567	657	700	743	786	829	872	915	958	1001	1044	1087	1130	1220	1263	1306	1349	1392	1435	1478	1521	1564	1607	1650	1693	1783	1826	1869	1912	1955	1998	2041	2084	2127	2170
5	48	138	181	224	267	310	353	396	439	482	525	568	658	701	744	787	830	873	916	959	1002	1045	1088	1131	1221	1264	1307	1350	1393	1436	1479	1522	1565	1608	1651	1694	1784	1827	1870	1913	1956	1999	2042	2085	2128	2171
6	49	139	182	225	268	311	354	397	440	483	526	569	612	702	745	788	831	874	917	960	1003	1046	1089	1132	1222	1265	1308	1351	1394	1437	1480	1523	1566	1609	1652	1695	1785	1828	1871	1914	1957	2000	2043	2086	2129	2172
7	50	140	183	226	269	312	355	398	441	484	527	570	613	703	746	789	832	875	918	961	1004	1047	1090	1133	1176	1266	1309	1352	1395	1438	1481	1524	1567	1610	1653	1696	1786	1829	1872	1915	1958	2001	2044	2087	2130	2173
8	51	141	184	227	270	313	356	399	442	485	528	571	614	704	747	790	833	876	919	962	1005	1048	1091	1134	1177	1267	1310	1353	1396	1439	1482	1525	1568	1611	1654	1697	1740	1830	1873	1916	1959	2002	2045	2088	2131	2174
9	52	95	185	228	271	314	357	400	443	486	529	572	615	705	748	791	834	877	920	963	1006	1049	1092	1135	1178	1268	1311	1354	1397	1440	1483	1526	1569	1612	1655	1698	1741	1831	1874	1917	1960	2003	2046	2089	2132	2175
10	53	96	186	229	272	315	358	401	444	487	530	573	616	659	749	792	835	878	921	964	1007	1050	1093	1136	1179	1269	1312	1355	1398	1441	1484	1527	1570	1613	1656	1699	1742	1832	1875	1918	1961	2004	2047	2090	2133	2176
11	54	97	187	230	273	316	359	402	445	488	531	574	617	660	750	793	836	879	922	965	1008	1051	1094	1137	1180	1223	1313	1356	1399	1442	1485	1528	1571	1614	1657	1700	1743	1833	1876	1919	1962	2005	2048	2091	2134	2177
12	55	98	188	231	274	317	360	403	446	489	532	575	618	661	751	794	837	880	923	966	1009	1052	1095	1138	1181	1224	1314	1357	1400	1443	1486	1529	1572	1615	1658	1701	1744	1787	1877	1920	1963	2006	2049	2092	2135	2178
13	56	99	142	232	275	318	361	404	447	490	533	576	619	662	752	795	838	881	924	967	1010	1053	1096	1139	1182	1225	1315	1358	1401	1444	1487	1530	1573	1616	1659	1702	1745	1788	1878	1921	1964	2007	2050	2093	2136	2179
14	57	100	143	233	276	319	362	405	448	491	534	577	620	663	706	796	839	882	925	968	1011	1054	1097	1140	1183	1226	1316	1359	1402	1445	1488	1531	1574	1617	1660	1703	1746	1789	1879	1922	1965	2008	2051	2094	2137	2180
15	58	101	144	234	277	320	363	406	449	492	535	578	621	664	707	797	840	883	926	969	1012	1055	1098	1141	1184	1227	1270	1360	1403	1446	1489	1532	1575	1618	1661	1704	1747	1790	1880	1923	1966	2009	2052	2095	2138	2181
16	59	102	145	235	278	321	364	407	450	493	536	579	622	665	708	798	841	884	927	970	1013	1056	1099	1142	1185	1228	1271	1361	1404	1447	1490	1533	1576	1619	1662	1705	1748	1791	1834	1924	1967	2010	2053	2096	2139	2182
17	60	103	146	189	279	322	365	408	451	494	537	580	623	666	709	799	842	885	928	971	1014	1057	1100	1143	1186	1229	1272	1362	1405	1448	1491	1534	1577	1620	1663	1706	1749	1792	1835	1925	1968	2011	2054	2097	2140	2183
18	61	104	147	190	280	323	366	409	452	495	538	581	624	667	710	753	843	886	929	972	1015	1058	1101	1144	1187	1230	1273	1363	1406	1449	1492	1535	1578	1621	1664	1707	1750	1793	1836	1926	1969	2012	2055	2098	2141	2184
19	62	105	148	191	281	324	367	410	453	496	539	582	625	668	711	754	844	887	930	973	1016	1059	1102	1145	1188	1231	1274	1317	1407	1450	1493	1536	1579	1622	1665	1708	1751	1794	1837	1927	1970	2013	2056	2099	2142	2185
20	63	106	149	192	282	325	368	411	454	497	540	583	626	669	712	755	845	888	931	974	1017	1060	1103	1146	1189	1232	1275	1318	1408	1451	1494	1537	1580	1623	1666	1709	1752	1795	1838	1881	1971	2014	2057	2100	2143	2186
21	64	107	150	193	236	326	369	412	455	498	541	584	627	670	713	756	846	889	932	975	1018	1061	1104	1147	1190	1233	1276	1319	1409	1452	1495	1538	1581	1624	1667	1710	1753	1796	1839	1882	1972	2015	2058	2101	2144	2187
22	65	108	151	194	237	327	370	413	456	499	542	585	628	671	714	757	800	890	933	976	1019	1062	1105	1148	1191	1234	1277	1320	1410	1453	1496	1539	1582	1625	1668	1711	1754	1797	1840	1883	1973	2016	2059	2102	2145	2188
23	66	109	152	195	238	328	371	414	457	500	543	586	629	672	715	758	801	891	934	977	1020	1063	1106	1149	1192	1235	1278	1321	1364	1454	1497	1540	1583	1626	1669	1712	1755	1798	1841	1884	1974	2017	2060	2103	2146	2189
24	67	110	153	196	239	329	372	415	458	501	544	587	630	673	716	759	802	892	935	978	1021	1064	1107	1150	1193	1236	1279	1322	1365	1455	1498	1541	1584	1627	1670	1713	1756	1799	1842	1885	1928	2018	2061	2104	2147	2190
25	68	111	154	197	240	283	373	416	459	502	545	588	631	674	717	760	803	893	936	979	1022	1065	1108	1151	1194	1237	1280	1323	1366	1456	1499	1542	1585	1628	1671	1714	1757	1800	1843	1886	1929	2019	2062	2105	2148	2191
26	69	112	155	198	241	284	374	417	460	503	546	589	632	675	718	761	804	847	937	980	1023	1066	1109	1152	1195	1238	1281	1324	1367	1457	1500	1543	1586	1629	1672	1715	1758	1801	1844	1887	1930	2020	2063	2106	2149	2192
27	70	113	156	199	242	285	375	418	461	504	547	590	633	676	719	762	805	848	938	981	1024	1067	1110	1153	1196	1239	1282	1325	1368	1411	1501	1544	1587	1630	1673	1716	1759	1802	1845	1888	1931	2021	2064	2107	2150	2193
28	71	114	157	200	243	286	376	419	462	505	548	591	634	677	720	763	806	849	939	982	1025	1068	1111	1154	1197	1240	1283	1326	1369	1412	1502	1545	1588	1631	1674	1717	1760	1803	1846	1889	1932	1975	2065	2108	2151	2194
29	72	115	158	201	244	287	330	420	463	506	549	592	635	678	721	764	807	850	940	983	1026	1069	1112	1155	1198	1241	1284	1327	1370	1413	1503	1546	1589	1632	1675	1718	1761	1804	1847	1890	1933	1976	2066	2109	2152	2195
30	73	116	159	202	245	288	331	421	464	507	550	593	636	679	722	765	808	851	894	984	1027	1070	1113	1156	1199	1242	1285	1328	1371	1414	1504	1547	1590	1633	1676	1719	1762	1805	1848	1891	1934	1977	2067	2110	2153	2196
31	74	117	160	203	246	289	332	422	465	508	551	594	637	680	723	766	809	852	895	985	1028	1071	1114	1157	1200	1243	1286	1329	1372	1415	1458	1548	1591	1634	1677	1720	1763	1806	1849	1892	1935	1978	2068	2111	2154	2197
32	75	118	161	204	247	290	333	423	466	509	552	595	638	681	724	767	810	853	896	986	1029	1072	1115	1158	1201	1244	1287	1330	1373	1416	1459	1549	1592	1635	1678	1721	1764	1807	1850	1893	1936	1979	2022	2112	2155	2198
33	76	119	162	205	248	291	334	377	467	510	553	596	639	682	725	768	811	854	897	987	1030	1073	1116	1159	1202	1245	1288	1331	1374	1417	1460	1550	1593	1636	1679	1722	1765	1808	1851	1894	1937	1980	2023	2113	2156	2199
34	77	120	163	206	249	292	335	378	468	511	554	597	640	683	726	769	812	855	898	941	1031	1074	1117	1160	1203	1246	1289	1332	1375	1418	1461	1551	1594	1637	1680	1723	1766	1809	1852	1895	1938	1981	2024	2114	2157	2200
35	78	121	164	207	250	293	336	379	469	512	555	598	641	684	727	770	813	856	899	942	1032	1075	1118	1161	1204	1247	1290	1333	1376	1419	1462	1505	1595	1638	1681	1724	1767	1810	1853	1896	1939	1982	2025	2115	2158	2201
36	79	122	165	208	251	294	337	380	470	513	556	599	642	685	728	771	814	857	900	943	1033	1076	1119	1162	1205	1248	1291	1334	1377	1420	1463	1506	1596	1639	1682	1725	1768	1811	1854	1897	1940	1983	2026	2069	2159	2202
37	80	123	166	209	252	295	338	381	424	514	557	600	643	686	729	772	815	858	901	944	1034	1077	1120	1163	1206	1249	1292	1335	1378	1421	1464	1507	1597	1640	1683	1726	1769	1812	1855	1898	1941	1984	2027	2070	2160	2203
38	81	124	167	210	253	296	339	382	425	515	558	601	644	687	730	773	816	859	902	945	988	1078	1121	1164	1207	1250	1293	1336	1379	1422	1465	1508	1598	1641	1684	1727	1770	1813	1856	1899	1942	1985	2028	2071	2161	2204
39	82	125	168	211	254	297	340	383	426	516	559	602	645	688	731	774	817	860	903	946	989	1079	1122	1165	1208	1251	1294	1337	1380	1423	1466	1509	1552	1642	1685	1728	1771	1814	1857	1900	1943	1986	2029	2072	2162	2205
40	83	126	169	212	255	298	341	384	427	517	560	603	646	689	732	775	818	861	904	947	990	1080	1123	1166	1209	1252	1295	1338	1381	1424	1467	1510	1553	1643	1686	1729	1772	1815	1858	1901	1944	1987	2030	2073	2116	2206
41	84	127	170	213	256	299	342	385	428	471	561	604	647	690	733	776	819	862	905	948	991	1081	1124	1167	1210	1253	1296	1339	1382	1425	1468	1511	1554	1644	1687	1730	1773	1816	1859	1902	1945	1988	2031	2074	2117	2207
42	85	128	171	214	257	300	343	386	429	472	562	605	648	691	734	777	820	863	906	949	992	1035	1125	1168	1211	1254	1297	1340	1383	1426	1469	1512	1555	1645	1688	1731	1774	1817	1860	1903	1946	1989	2032	2075	2118	2208
43	86	129	172	215	258	301	344	387	430	473	563	606	649	692	735	778	821	864	907	950	993	1036	1126	1169	1212	1255	1298	1341	1384	1427	1470	1513	1556	1599	1689	1732	1775	1818	1861	1904	1947	1990	2033	2076	2119	2209
44	87	130	173	216	259	302	345	388	431	474	564	607	650	693	736	779	822	865	908	951	994	1037	1127	1170	1213	1256	1299	1342	1385	1428	1471	1514	1557	1600	1690	1733	1776	1819	1862	1905	1948	1991	2034	2077	2120	2163
45	88	131	174	217	260	303	346	389	432	475	518	608	651	694	737	780	823	866	909	952	995	1038	1128	1171	1214	1257	1300	1343	1386	1429	1472	1515	1558	1601	1691	1734	1777	1820	1863	1906	1949	1992	2035	2078	2121	2164
46	89	132	175	218	261	304	347	390	433	476	519	609	652	695	738	781	824	867	910	953	996	1039	1082	1172	1215	1258	1301	1344	1387	1430	1473	1516	1559	1602	1692	1735	1778	1821	1864	1907	1950	1993	2036	2079	2122	2165
47	90	133	176	219	262	305	348	391	434	477	520	610	653	696	739	782	825	868	911	954	997	1040	1083	1173	1216	1259	1302	1345	1388	1431	1474	1517	1560	1603	1646	1736	1779	1822	1865	1908	1951	1994	2037	2080	2123	2166
