2209 235
5 47
5 5 5 5 5 5 5 5 5 5 5 5 5 5 5 5 5 5 5 5 5 5 5 5 5 5 5 5 5 5 5 5 5 5 5 5 5 5 5 5 5 5 5 5 5 5 5 5 5 5 5 5 5 5 5 5 5 5 5 5 5 5 5 5 5 5 5 5 5 5 5 5 5 5 5 5 5 5 5 5 5 5 5 5 5 5 5 5 5 5 5 5 5 5 5 5 5 5 5 5 5 5 5 5 5 5 5 5 5 5 5 5 5 5 5 5 5 5 5 5 5 5 5 5 5 5 5 5 5 5 5 5 5 5 5 5 5 5 5 5 5 5 5 5 5 5 5 5 5 5 5 5 5 5 5 5 5 5 5 5 5 5 5 5 5 5 5 5 5 5 5 5 5 5 5 5 5 5 5 5 5 5 5 5 5 5 5 5 5 5 5 5 5 5 5 5 5 5 5 5 5 5 5 5 5 5 5 5 5 5 5 5 5 5 5 5 5 5 5 5 5 5 5 5 5 5 5 5 5 5 5 5 5 5 5 5 5 5 5 5 5 5 5 5 5 5 5 5 5 5 5 5 5 5 5 5 5 5 5 5 5 5 5 5 5 5 5 5 5 5 5 5 5 5 5 5 5 5 5 5 5 5 5 5 5 5 5 5 5 5 5 5 5 5 5 5 5 5 5 5 5 5 5 5 5 5 5 5 5 5 5 5 5 5 5 5 5 5 5 5 5 5 5 5 5 5 5 5 5 5 5 5 5 5 5 5 5 5 5 5 5 5 5 5 5 5 5 5 5 5 5 5 5 5 5 5 5 5 5 5 5 5 5 5 5 5 5 5 5 5 5 5 5 5 5 5 5 5 5 5 5 5 5 5 5 5 5 5 5 5 5 5 5 5 5 5 5 5 5 5 5 5 5 5 5 5 5 5 5 5 5 5 5 5 5 5 5 5 5 5 5 5 5 5 5 5 5 5 5 5 5 5 5 5 5 5 5 5 5 5 5 5 5 5 5 5 5 5 5 5 5 5 5 5 5 5 5 5 5 5 5 5 5 5 5 5 5 5 5 5 5 5 5 5 5 5 5 5 5 5 5 5 5 5 5 5 5 5 5 5 5 5 5 5 5 5 5 5 5 5 5 5 5 5 5 5 5 5 5 5 5 5 5 5 5 5 5 5 5 5 5 5 5 5 5 5 5 5 5 5 5 5 5 5 5 5 5 5 5 5 5 5 5 5 5 5 5 5 5 5 5 5 5 5 5 5 5 5 5 5 5 5 5 5 5 5 5 5 5 5 5 5 5 5 5 5 5 5 5 5 5 5 5 5 5 5 5 5 5 5 5 5 5 5 5 5 5 5 5 5 5 5 5 5 5 5 5 5 5 5 5 5 5 5 5 5 5 5 5 5 5 5 5 5 5 5 5 5 5 5 5 5 5 5 5 5 5 5 5 5 5 5 5 5 5 5 5 5 5 5 5 5 5 5 5 5 5 5 5 5 5 5 5 5 5 5 5 5 5 5 5 5 5 5 5 5 5 5 5 5 5 5 5 5 5 5 5 5 5 5 5 5 5 5 5 5 5 5 5 5 5 5 5 5 5 5 5 5 5 5 5 5 5 5 5 5 5 5 5 5 5 5 5 5 5 5 5 5 5 5 5 5 5 5 5 5 5 5 5 5 5 5 5 5 5 5 5 5 5 5 5 5 5 5 5 5 5 5 5 5 5 5 5 5 5 5 5 5 5 5 5 5 5 5 5 5 5 5 5 5 5 5 5 5 5 5 5 5 5 5 5 5 5 5 5 5 5 5 5 5 5 5 5 5 5 5 5 5 5 5 5 5 5 5 5 5 5 5 5 5 5 5 5 5 5 5 5 5 5 5 5 5 5 5 5 5 5 5 5 5 5 5 5 5 5 5 5 5 5 5 5 5 5 5 5 5 5 5 5 5 5 5 5 5 5 5 5 5 5 5 5 5 5 5 5 5 5 5 5 5 5 5 5 5 5 5 5 5 5 5 5 5 5 5 5 5 5 5 5 5 5 5 5 5 5 5 5 5 5 5 5 5 5 5 5 5 5 5 5 5 5 5 5 5 5 5 5 5 5 5 5 5 5 5 5 5 5 5 5 5 5 5 5 5 5 5 5 5 5 5 5 5 5 5 5 5 5 5 5 5 5 5 5 5 5 5 5 5 5 5 5 5 5 5 5 5 5 5 5 5 5 5 5 5 5 5 5 5 5 5 5 5 5 5 5 5 5 5 5 5 5 5 5 5 5 5 5 5 5 5 5 5 5 5 5 5 5 5 5 5 5 5 5 5 5 5 5 5 5 5 5 5 5 5 5 5 5 5 5 5 5 5 5 5 5 5 5 5 5 5 5 5 5 5 5 5 5 5 5 5 5 5 5 5 5 5 5 5 5 5 5 5 5 5 5 5 5 5 5 5 5 5 5 5 5 5 5 5 5 5 5 5 5 5 5 5 5 5 5 5 5 5 5 5 5 5 5 5 5 5 5 5 5 5 5 5 5 5 5 5 5 5 5 5 5 5 5 5 5 5 5 5 5 5 5 5 5 5 5 5 5 5 5 5 5 5 5 5 5 5 5 5 5 5 5 5 5 5 5 5 5 5 5 5 5 5 5 5 5 5 5 5 5 5 5 5 5 5 5 5 5 5 5 5 5 5 5 5 5 5 5 5 5 5 5 5 5 5 5 5 5 5 5 5 5 5 5 5 5 5 5 5 5 5 5 5 5 5 5 5 5 5 5 5 5 5 5 5 5 5 5 5 5 5 5 5 5 5 5 5 5 5 5 5 5 5 5 5 5 5 5 5 5 5 5 5 5 5 5 5 5 5 5 5 5 5 5 5 5 5 5 5 5 5 5 5 5 5 5 5 5 5 5 5 5 5 5 5 5 5 5 5 5 5 5 5 5 5 5 5 5 5 5 5 5 5 5 5 5 5 5 5 5 5 5 5 5 5 5 5 5 5 5 5 5 5 5 5 5 5 5 5 5 5 5 5 5 5 5 5 5 5 5 5 5 5 5 5 5 5 5 5 5 5 5 5 5 5 5 5 5 5 5 5 5 5 5 5 5 5 5 5 5 5 5 5 5 5 5 5 5 5 5 5 5 5 5 5 5 5 5 5 5 5 5 5 5 5 5 5 5 5 5 5 5 5 5 5 5 5 5 5 5 5 5 5 5 5 5 5 5 5 5 5 5 5 5 5 5 5 5 5 5 5 5 5 5 5 5 5 5 5 5 5 5 5 5 5 5 5 5 5 5 5 5 5 5 5 5 5 5 5 5 5 5 5 5 5 5 5 5 5 5 5 5 5 5 5 5 5 5 5 5 5 5 5 5 5 5 5 5 5 5 5 5 5 5 5 5 5 5 5 5 5 5 5 5 5 5 5 5 5 5 5 5 5 5 5 5 5 5 5 5 5 5 5 5 5 5 5 5 5 5 5 5 5 5 5 5 5 5 5 5 5 5 5 5 5 5 5 5 5 5 5 5 5 5 5 5 5 5 5 5 5 5 5 5 5 5 5 5 5 5 5 5 5 5 5 5 5 5 5 5 5 5 5 5 5 5 5 5 5 5 5 5 5 5 5 5 5 5 5 5 5 5 5 5 5 5 5 5 5 5 5 5 5 5 5 5 5 5 5 5 5 5 5 5 5 5 5 5 5 5 5 5 5 5 5 5 5 5 5 5 5 5 5 5 5 5 5 5 5 5 5 5 5 5 5 5 5 5 5 5 5 5 5 5 5 5 5 5 5 5 5 5 5 5 5 5 5 5 5 5 5 5 5 5 5 5 5 5 5 5 5 5 5 5 5 5 5 5 5 5 5 5 5 5 5 5 5 5 5 5 5 5 5 5 5 5 5 5 5 5 5 5 5 5 5 5 5 5 5 5 5 5 5 5 5 5 5 5 5 5 5 5 5 5 5 5 5 5 5 5 5 5 5 5 5 5 5 5 5 5 5 5 5 5 5 5 5 5 5 5 5 5 5 5 5 5 5 5 5 5 5 5 5 5 5 5 5 5 5 5 5 5 5 5 5 5 5 5 5 5 5 5 5 5 5 5 5 5 5 5 5 5 5 5 5 5 5 5 5 5 5 5 5 5 5 5 5 5 5 5 5 5 5 5 5 5 5 5 5 5 5 5 5 5 5 5 5 5 5 5 5 5 5 5 5 5 5 5 5 5 5 5 5 5 5 5 5 5 5 5 5 5 5 5 5 5 5 5 5 5 5 5 5 5 5 5 5 5 5 5 5 5 5 5 5 5 5 5 5 5 5 5 5 5 5 5 5 5 5 5 5 5 5 5 5 5 5 5 5 5 5 5 5 5 5 5 5 5 5 5 5 5 5 5 5 5 5 5 5 5 5 5 5 5 5 5 5 5 5 5 5 5 5 5 5 5 5 5 5 5 5 5 5 5 5 5 5 5 5 5 5 5 5 5 5 5 5 5 5 5 5 5 5 5 5 5 5 5 5 5 5 5 5 5 5 5 5 5 5 5 5 5 5 5 5 5 5 5 5 5 5 5 5 5 5 5 5 5 5 5 5 5 5 5 5 5 5 5 5 5 5 5 5 5 5 5 5 5 5 5 5 5 5 5 5 5 5 5 5 5 5 5 5 5 5 5 5 5 5 5 5 5 5 5 5 5 5 5 5 5 5 5 5 5 5 5 5 5 5 5 5 5 5 5 5 5 5 5 5 5 5 5 5 5 5 5 5 5 5 5 5 5 5 5 5 5 5 5 5 5 5 5 5 5 5 5 5 5 5 5 5 5 5 5 5 5 5 5 5 5 5 5 5 5 5 5 5 5 5 5 5 5 5 5 5 5 5 5 5 5 5 5 5 5 5 5 5 5 5 5 5 5 5 5 5 5 5 5 5 5 5 5 5 5 5 5 5 5 5 5 5 5 5 5 5 5 5 5 5 5 5 5 5 5 5 5 5 5 5 5 5 5 5 5 5 5 
47 47 47 47 47 47 47 47 47 47 47 47 47 47 47 47 47 47 47 47 47 47 47 47 47 47 47 47 47 47 47 47 47 47 47 47 47 47 47 47 47 47 47 47 47 47 47 47 47 47 47 47 47 47 47 47 47 47 47 47 47 47 47 47 47 47 47 47 47 47 47 47 47 47 47 47 47 47 47 47 47 47 47 47 47 47 47 47 47 47 47 47 47 47 47 47 47 47 47 47 47 47 47 47 47 47 47 47 47 47 47 47 47 47 47 47 47 47 47 47 47 47 47 47 47 47 47 47 47 47 47 47 47 47 47 47 47 47 47 47 47 47 47 47 47 47 47 47 47 47 47 47 47 47 47 47 47 47 47 47 47 47 47 47 47 47 47 47 47 47 47 47 47 47 47 47 47 47 47 47 47 47 47 47 47 47 47 47 47 47 47 47 47 47 47 47 47 47 47 47 47 47 47 47 47 47 47 47 47 47 47 47 47 47 47 47 47 47 47 47 47 47 47 47 47 47 47 47 47 47 47 47 47 47 47 
0 47 94 141 188 
1 48 95 142 189 
2 49 96 143 190 
3 50 97 144 191 
4 51 98 145 192 
5 52 99 146 193 
6 53 100 147 194 
7 54 101 148 195 
8 55 102 149 196 
9 56 103 150 197 
10 57 104 151 198 
11 58 105 152 199 
12 59 106 153 200 
13 60 107 154 201 
14 61 108 155 202 
15 62 109 156 203 
16 63 110 157 204 
17 64 111 158 205 
18 65 112 159 206 
19 66 113 160 207 
20 67 114 161 208 
21 68 115 162 209 
22 69 116 163 210 
23 70 117 164 211 
24 71 118 165 212 
25 72 119 166 213 
26 73 120 167 214 
27 74 121 168 215 
28 75 122 169 216 
29 76 123 170 217 
30 77 124 171 218 
31 78 125 172 219 
32 79 126 173 220 
33 80 127 174 221 
34 81 128 175 222 
35 82 129 176 223 
36 83 130 177 224 
37 84 131 178 225 
38 85 132 179 226 
39 86 133 180 227 
40 87 134 181 228 
41 88 135 182 229 
42 89 136 183 230 
43 90 137 184 231 
44 91 138 185 232 
45 92 139 186 233 
46 93 140 187 234 
0 93 139 185 231 
1 47 140 186 232 
2 48 94 187 233 
3 49 95 141 234 
4 50 96 142 188 
5 51 97 143 189 
6 52 98 144 190 
7 53 99 145 191 
8 54 100 146 192 
9 55 101 147 193 
10 56 102 148 194 
11 57 103 149 195 
12 58 104 150 196 
13 59 105 151 197 
14 60 106 152 198 
15 61 107 153 199 
16 62 108 154 200 
17 63 109 155 201 
18 64 110 156 202 
19 65 111 157 203 
20 66 112 158 204 
21 67 113 159 205 
22 68 114 160 206 
23 69 115 161 207 
24 70 116 162 208 
25 71 117 163 209 
26 72 118 164 210 
27 73 119 165 211 
28 74 120 166 212 
29 75 121 167 213 
30 76 122 168 214 
31 77 123 169 215 
32 78 124 170 216 
33 79 125 171 217 
34 80 126 172 218 
35 81 127 173 219 
36 82 128 174 220 
37 83 129 175 221 
38 84 130 176 222 
39 85 131 177 223 
40 86 132 178 224 
41 87 133 179 225 
42 88 134 180 226 
43 89 135 181 227 
44 90 136 182 228 
45 91 137 183 229 
46 92 138 184 230 
0 92 137 182 227 
1 93 138 183 228 
2 47 139 184 229 
3 48 140 185 230 
4 49 94 186 231 
5 50 95 187 232 
6 51 96 141 233 
7 52 97 142 234 
8 53 98 143 188 
9 54 99 144 189 
10 55 100 145 190 
11 56 101 146 191 
12 57 102 147 192 
13 58 103 148 193 
14 59 104 149 194 
15 60 105 150 195 
16 61 106 151 196 
17 62 107 152 197 
18 63 108 153 198 
19 64 109 154 199 
20 65 110 155 200 
21 66 111 156 201 
22 67 112 157 202 
23 68 113 158 203 
24 69 114 159 204 
25 70 115 160 205 
26 71 116 161 206 
27 72 117 162 207 
28 73 118 163 208 
29 74 119 164 209 
30 75 120 165 210 
31 76 121 166 211 
32 77 122 167 212 
33 78 123 168 213 
34 79 124 169 214 
35 80 125 170 215 
36 81 126 171 216 
37 82 127 172 217 
38 83 128 173 218 
39 84 129 174 219 
40 85 130 175 220 
41 86 131 176 221 
42 87 132 177 222 
43 88 133 178 223 
44 89 134 179 224 
45 90 135 180 225 
46 91 136 181 226 
0 91 135 179 223 
1 92 136 180 224 
2 93 137 181 225 
3 47 138 182 226 
4 48 139 183 227 
5 49 140 184 228 
6 50 94 185 229 
7 51 95 186 230 
8 52 96 187 231 
9 53 97 141 232 
10 54 98 142 233 
11 55 99 143 234 
12 56 100 144 188 
13 57 101 145 189 
14 58 102 146 190 
15 59 103 147 191 
16 60 104 148 192 
17 61 105 149 193 
18 62 106 150 194 
19 63 107 151 195 
20 64 108 152 196 
21 65 109 153 197 
22 66 110 154 198 
23 67 111 155 199 
24 68 112 156 200 
25 69 113 157 201 
26 70 114 158 202 
27 71 115 159 203 
28 72 116 160 204 
29 73 117 161 205 
30 74 118 162 206 
31 75 119 163 207 
32 76 120 164 208 
33 77 121 165 209 
34 78 122 166 210 
35 79 123 167 211 
36 80 124 168 212 
37 81 125 169 213 
38 82 126 170 214 
39 83 127 171 215 
40 84 128 172 216 
41 85 129 173 217 
42 86 130 174 218 
43 87 131 175 219 
44 88 132 176 220 
45 89 133 177 221 
46 90 134 178 222 
0 90 133 176 219 
1 91 134 177 220 
2 92 135 178 221 
3 93 136 179 222 
4 47 137 180 223 
5 48 138 181 224 
6 49 139 182 225 
7 50 140 183 226 
8 51 94 184 227 
9 52 95 185 228 
10 53 96 186 229 
11 54 97 187 230 
12 55 98 141 231 
13 56 99 142 232 
14 57 100 143 233 
15 58 101 144 234 
16 59 102 145 188 
17 60 103 146 189 
18 61 104 147 190 
19 62 105 148 191 
20 63 106 149 192 
21 64 107 150 193 
22 65 108 151 194 
23 66 109 152 195 
24 67 110 153 196 
25 68 111 154 197 
26 69 112 155 198 
27 70 113 156 199 
28 71 114 157 200 
29 72 115 158 201 
30 73 116 159 202 
31 74 117 160 203 
32 75 118 161 204 
33 76 119 162 205 
34 77 120 163 206 
35 78 121 164 207 
36 79 122 165 208 
37 80 123 166 209 
38 81 124 167 210 
39 82 125 168 211 
40 83 126 169 212 
41 84 127 170 213 
42 85 128 171 214 
43 86 129 172 215 
44 87 130 173 216 
45 88 131 174 217 
46 89 132 175 218 
0 89 131 173 215 
1 90 132 174 216 
2 91 133 175 217 
3 92 134 176 218 
4 93 135 177 219 
5 47 136 178 220 
6 48 137 179 221 
7 49 138 180 222 
8 50 139 181 223 
9 51 140 182 224 
10 52 94 183 225 
11 53 95 184 226 
12 54 96 185 227 
13 55 97 186 228 
14 56 98 187 229 
15 57 99 141 230 
16 58 100 142 231 
17 59 101 143 232 
18 60 102 144 233 
19 61 103 145 234 
20 62 104 146 188 
21 63 105 147 189 
22 64 106 148 190 
23 65 107 149 191 
24 66 108 150 192 
25 67 109 151 193 
26 68 110 152 194 
27 69 111 153 195 
28 70 112 154 196 
29 71 113 155 197 
30 72 114 156 198 
31 73 115 157 199 
32 74 116 158 200 
33 75 117 159 201 
34 76 118 160 202 
35 77 119 161 203 
36 78 120 162 204 
37 79 121 163 205 
38 80 122 164 206 
39 81 123 165 207 
40 82 124 166 208 
41 83 125 167 209 
42 84 126 168 210 
43 85 127 169 211 
44 86 128 170 212 
45 87 129 171 213 
46 88 130 172 214 
0 88 129 170 211 
1 89 130 171 212 
2 90 131 172 213 
3 91 132 173 214 
4 92 133 174 215 
5 93 134 175 216 
6 47 135 176 217 
7 48 136 177 218 
8 49 137 178 219 
9 50 138 179 220 
10 51 139 180 221 
11 52 140 181 222 
12 53 94 182 223 
13 54 95 183 224 
14 55 96 184 225 
15 56 97 185 226 
16 57 98 186 227 
17 58 99 187 228 
18 59 100 141 229 
19 60 101 142 230 
20 61 102 143 231 
21 62 103 144 232 
22 63 104 145 233 
23 64 105 146 234 
24 65 106 147 188 
25 66 107 148 189 
26 67 108 149 190 
27 68 109 150 191 
28 69 110 151 192 
29 70 111 152 193 
30 71 112 153 194 
31 72 113 154 195 
32 73 114 155 196 
33 74 115 156 197 
34 75 116 157 198 
35 76 117 158 199 
36 77 118 159 200 
37 78 119 160 201 
38 79 120 161 202 
39 80 121 162 203 
40 81 122 163 204 
41 82 123 164 205 
42 83 124 165 206 
43 84 125 166 207 
44 85 126 167 208 
45 86 127 168 209 
46 87 128 169 210 
0 87 127 167 207 
1 88 128 168 208 
2 89 129 169 209 
3 90 130 170 210 
4 91 131 171 211 
5 92 132 172 212 
6 93 133 173 213 
7 47 134 174 214 
8 48 135 175 215 
9 49 136 176 216 
10 50 137 177 217 
11 51 138 178 218 
12 52 139 179 219 
13 53 140 180 220 
14 54 94 181 221 
15 55 95 182 222 
16 56 96 183 223 
17 57 97 184 224 
18 58 98 185 225 
19 59 99 186 226 
20 60 100 187 227 
21 61 101 141 228 
22 62 102 142 229 
23 63 103 143 230 
24 64 104 144 231 
25 65 105 145 232 
26 66 106 146 233 
27 67 107 147 234 
28 68 108 148 188 
29 69 109 149 189 
30 70 110 150 190 
31 71 111 151 191 
32 72 112 152 192 
33 73 113 153 193 
34 74 114 154 194 
35 75 115 155 195 
36 76 116 156 196 
37 77 117 157 197 
38 78 118 158 198 
39 79 119 159 199 
40 80 120 160 200 
41 81 121 161 201 
42 82 122 162 202 
43 83 123 163 203 
44 84 124 164 204 
45 85 125 165 205 
46 86 126 166 206 
0 86 125 164 203 
1 87 126 165 204 
2 88 127 166 205 
3 89 128 167 206 
4 90 129 168 207 
5 91 130 169 208 
6 92 131 170 209 
7 93 132 171 210 
8 47 133 172 211 
9 48 134 173 212 
10 49 135 174 213 
11 50 136 175 214 
12 51 137 176 215 
13 52 138 177 216 
14 53 139 178 217 
15 54 140 179 218 
16 55 94 180 219 
17 56 95 181 220 
18 57 96 182 221 
19 58 97 183 222 
20 59 98 184 223 
21 60 99 185 224 
22 61 100 186 225 
23 62 101 187 226 
24 63 102 141 227 
25 64 103 142 228 
26 65 104 143 229 
27 66 105 144 230 
28 67 106 145 231 
29 68 107 146 232 
30 69 108 147 233 
31 70 109 148 234 
32 71 110 149 188 
33 72 111 150 189 
34 73 112 151 190 
35 74 113 152 191 
36 75 114 153 192 
37 76 115 154 193 
38 77 116 155 194 
39 78 117 156 195 
40 79 118 157 196 
41 80 119 158 197 
42 81 120 159 198 
43 82 121 160 199 
44 83 122 161 200 
45 84 123 162 201 
46 85 124 163 202 
0 85 123 161 199 
1 86 124 162 200 
2 87 125 163 201 
3 88 126 164 202 
4 89 127 165 203 
5 90 128 166 204 
6 91 129 167 205 
7 92 130 168 206 
8 93 131 169 207 
9 47 132 170 208 
10 48 133 171 209 
11 49 134 172 210 
12 50 135 173 211 
13 51 136 174 212 
14 52 137 175 213 
15 53 138 176 214 
16 54 139 177 215 
17 55 140 178 216 
18 56 94 179 217 
19 57 95 180 218 
20 58 96 181 219 
21 59 97 182 220 
22 60 98 183 221 
23 61 99 184 222 
24 62 100 185 223 
25 63 101 186 224 
26 64 102 187 225 
27 65 103 141 226 
28 66 104 142 227 
29 67 105 143 228 
30 68 106 144 229 
31 69 107 145 230 
32 70 108 146 231 
33 71 109 147 232 
34 72 110 148 233 
35 73 111 149 234 
36 74 112 150 188 
37 75 113 151 189 
38 76 114 152 190 
39 77 115 153 191 
40 78 116 154 192 
41 79 117 155 193 
42 80 118 156 194 
43 81 119 157 195 
44 82 120 158 196 
45 83 121 159 197 
46 84 122 160 198 
0 84 121 158 195 
1 85 122 159 196 
2 86 123 160 197 
3 87 124 161 198 
4 88 125 162 199 
5 89 126 163 200 
6 90 127 164 201 
7 91 128 165 202 
8 92 129 166 203 
9 93 130 167 204 
10 47 131 168 205 
11 48 132 169 206 
12 49 133 170 207 
13 50 134 171 208 
14 51 135 172 209 
15 52 136 173 210 
16 53 137 174 211 
17 54 138 175 212 
18 55 139 176 213 
19 56 140 177 214 
20 57 94 178 215 
21 58 95 179 216 
22 59 96 180 217 
23 60 97 181 218 
24 61 98 182 219 
25 62 99 183 220 
26 63 100 184 221 
27 64 101 185 222 
28 65 102 186 223 
29 66 103 187 224 
30 67 104 141 225 
31 68 105 142 226 
32 69 106 143 227 
33 70 107 144 228 
34 71 108 145 229 
35 72 109 146 230 
36 73 110 147 231 
37 74 111 148 232 
38 75 112 149 233 
39 76 113 150 234 
40 77 114 151 188 
41 78 115 152 189 
42 79 116 153 190 
43 80 117 154 191 
44 81 118 155 192 
45 82 119 156 193 
46 83 120 157 194 
0 83 119 155 191 
1 84 120 156 192 
2 85 121 157 193 
3 86 122 158 194 
4 87 123 159 195 
5 88 124 160 196 
6 89 125 161 197 
7 90 126 162 198 
8 91 127 163 199 
9 92 128 164 200 
10 93 129 165 201 
11 47 130 166 202 
12 48 131 167 203 
13 49 132 168 204 
14 50 133 169 205 
15 51 134 170 206 
16 52 135 171 207 
17 53 136 172 208 
18 54 137 173 209 
19 55 138 174 210 
20 56 139 175 211 
21 57 140 176 212 
22 58 94 177 213 
23 59 95 178 214 
24 60 96 179 215 
25 61 97 180 216 
26 62 98 181 217 
27 63 99 182 218 
28 64 100 183 219 
29 65 101 184 220 
30 66 102 185 221 
31 67 103 186 222 
32 68 104 187 223 
33 69 105 141 224 
34 70 106 142 225 
35 71 107 143 226 
36 72 108 144 227 
37 73 109 145 228 
38 74 110 146 229 
39 75 111 147 230 
40 76 112 148 231 
41 77 113 149 232 
42 78 114 150 233 
43 79 115 151 234 
44 80 116 152 188 
45 81 117 153 189 
46 82 118 154 190 
0 82 117 152 234 
1 83 118 153 188 
2 84 119 154 189 
3 85 120 155 190 
4 86 121 156 191 
5 87 122 157 192 
6 88 123 158 193 
7 89 124 159 194 
8 90 125 160 195 
9 91 126 161 196 
10 92 127 162 197 
11 93 128 163 198 
12 47 129 164 199 
13 48 130 165 200 
14 49 131 166 201 
15 50 132 167 202 
16 51 133 168 203 
17 52 134 169 204 
18 53 135 170 205 
19 54 136 171 206 
20 55 137 172 207 
21 56 138 173 208 
22 57 139 174 209 
23 58 140 175 210 
24 59 94 176 211 
25 60 95 177 212 
26 61 96 178 213 
27 62 97 179 214 
28 63 98 180 215 
29 64 99 181 216 
30 65 100 182 217 
31 66 101 183 218 
32 67 102 184 219 
33 68 103 185 220 
34 69 104 186 221 
35 70 105 187 222 
36 71 106 141 223 
37 72 107 142 224 
38 73 108 143 225 
39 74 109 144 226 
40 75 110 145 227 
41 76 111 146 228 
42 77 112 147 229 
43 78 113 148 230 
44 79 114 149 231 
45 80 115 150 232 
46 81 116 151 233 
0 81 115 149 230 
1 82 116 150 231 
2 83 117 151 232 
3 84 118 152 233 
4 85 119 153 234 
5 86 120 154 188 
6 87 121 155 189 
7 88 122 156 190 
8 89 123 157 191 
9 90 124 158 192 
10 91 125 159 193 
11 92 126 160 194 
12 93 127 161 195 
13 47 128 162 196 
14 48 129 163 197 
15 49 130 164 198 
16 50 131 165 199 
17 51 132 166 200 
18 52 133 167 201 
19 53 134 168 202 
20 54 135 169 203 
21 55 136 170 204 
22 56 137 171 205 
23 57 138 172 206 
24 58 139 173 207 
25 59 140 174 208 
26 60 94 175 209 
27 61 95 176 210 
28 62 96 177 211 
29 63 97 178 212 
30 64 98 179 213 
31 65 99 180 214 
32 66 100 181 215 
33 67 101 182 216 
34 68 102 183 217 
35 69 103 184 218 
36 70 104 185 219 
37 71 105 186 220 
38 72 106 187 221 
39 73 107 141 222 
40 74 108 142 223 
41 75 109 143 224 
42 76 110 144 225 
43 77 111 145 226 
44 78 112 146 227 
45 79 113 147 228 
46 80 114 148 229 
0 80 113 146 226 
1 81 114 147 227 
2 82 115 148 228 
3 83 116 149 229 
4 84 117 150 230 
5 85 118 151 231 
6 86 119 152 232 
7 87 120 153 233 
8 88 121 154 234 
9 89 122 155 188 
10 90 123 156 189 
11 91 124 157 190 
12 92 125 158 191 
13 93 126 159 192 
14 47 127 160 193 
15 48 128 161 194 
16 49 129 162 195 
17 50 130 163 196 
18 51 131 164 197 
19 52 132 165 198 
20 53 133 166 199 
21 54 134 167 200 
22 55 135 168 201 
23 56 136 169 202 
24 57 137 170 203 
25 58 138 171 204 
26 59 139 172 205 
27 60 140 173 206 
28 61 94 174 207 
29 62 95 175 208 
30 63 96 176 209 
31 64 97 177 210 
32 65 98 178 211 
33 66 99 179 212 
34 67 100 180 213 
35 68 101 181 214 
36 69 102 182 215 
37 70 103 183 216 
38 71 104 184 217 
39 72 105 185 218 
40 73 106 186 219 
41 74 107 187 220 
42 75 108 141 221 
43 76 109 142 222 
44 77 110 143 223 
45 78 111 144 224 
46 79 112 145 225 
0 79 111 143 222 
1 80 112 144 223 
2 81 113 145 224 
3 82 114 146 225 
4 83 115 147 226 
5 84 116 148 227 
6 85 117 149 228 
7 86 118 150 229 
8 87 119 151 230 
9 88 120 152 231 
10 89 121 153 232 
11 90 122 154 233 
12 91 123 155 234 
13 92 124 156 188 
14 93 125 157 189 
15 47 126 158 190 
16 48 127 159 191 
17 49 128 160 192 
18 50 129 161 193 
19 51 130 162 194 
20 52 131 163 195 
21 53 132 164 196 
22 54 133 165 197 
23 55 134 166 198 
24 56 135 167 199 
25 57 136 168 200 
26 58 137 169 201 
27 59 138 170 202 
28 60 139 171 203 
29 61 140 172 204 
30 62 94 173 205 
31 63 95 174 206 
32 64 96 175 207 
33 65 97 176 208 
34 66 98 177 209 
35 67 99 178 210 
36 68 100 179 211 
37 69 101 180 212 
38 70 102 181 213 
39 71 103 182 214 
40 72 104 183 215 
41 73 105 184 216 
42 74 106 185 217 
43 75 107 186 218 
44 76 108 187 219 
45 77 109 141 220 
46 78 110 142 221 
0 78 109 187 218 
1 79 110 141 219 
2 80 111 142 220 
3 81 112 143 221 
4 82 113 144 222 
5 83 114 145 223 
6 84 115 146 224 
7 85 116 147 225 
8 86 117 148 226 
9 87 118 149 227 
10 88 119 150 228 
11 89 120 151 229 
12 90 121 152 230 
13 91 122 153 231 
14 92 123 154 232 
15 93 124 155 233 
16 47 125 156 234 
17 48 126 157 188 
18 49 127 158 189 
19 50 128 159 190 
20 51 129 160 191 
21 52 130 161 192 
22 53 131 162 193 
23 54 132 163 194 
24 55 133 164 195 
25 56 134 165 196 
26 57 135 166 197 
27 58 136 167 198 
28 59 137 168 199 
29 60 138 169 200 
30 61 139 170 201 
31 62 140 171 202 
32 63 94 172 203 
33 64 95 173 204 
34 65 96 174 205 
35 66 97 175 206 
36 67 98 176 207 
37 68 99 177 208 
38 69 100 178 209 
39 70 101 179 210 
40 71 102 180 211 
41 72 103 181 212 
42 73 104 182 213 
43 74 105 183 214 
44 75 106 184 215 
45 76 107 185 216 
46 77 108 186 217 
0 77 107 184 214 
1 78 108 185 215 
2 79 109 186 216 
3 80 110 187 217 
4 81 111 141 218 
5 82 112 142 219 
6 83 113 143 220 
7 84 114 144 221 
8 85 115 145 222 
9 86 116 146 223 
10 87 117 147 224 
11 88 118 148 225 
12 89 119 149 226 
13 90 120 150 227 
14 91 121 151 228 
15 92 122 152 229 
16 93 123 153 230 
17 47 124 154 231 
18 48 125 155 232 
19 49 126 156 233 
20 50 127 157 234 
21 51 128 158 188 
22 52 129 159 189 
23 53 130 160 190 
24 54 131 161 191 
25 55 132 162 192 
26 56 133 163 193 
27 57 134 164 194 
28 58 135 165 195 
29 59 136 166 196 
30 60 137 167 197 
31 61 138 168 198 
32 62 139 169 199 
33 63 140 170 200 
34 64 94 171 201 
35 65 95 172 202 
36 66 96 173 203 
37 67 97 174 204 
38 68 98 175 205 
39 69 99 176 206 
40 70 100 177 207 
41 71 101 178 208 
42 72 102 179 209 
43 73 103 180 210 
44 74 104 181 211 
45 75 105 182 212 
46 76 106 183 213 
0 76 105 181 210 
1 77 106 182 211 
2 78 107 183 212 
3 79 108 184 213 
4 80 109 185 214 
5 81 110 186 215 
6 82 111 187 216 
7 83 112 141 217 
8 84 113 142 218 
9 85 114 143 219 
10 86 115 144 220 
11 87 116 145 221 
12 88 117 146 222 
13 89 118 147 223 
14 90 119 148 224 
15 91 120 149 225 
16 92 121 150 226 
17 93 122 151 227 
18 47 123 152 228 
19 48 124 153 229 
20 49 125 154 230 
21 50 126 155 231 
22 51 127 156 232 
23 52 128 157 233 
24 53 129 158 234 
25 54 130 159 188 
26 55 131 160 189 
27 56 132 161 190 
28 57 133 162 191 
29 58 134 163 192 
30 59 135 164 193 
31 60 136 165 194 
32 61 137 166 195 
33 62 138 167 196 
34 63 139 168 197 
35 64 140 169 198 
36 65 94 170 199 
37 66 95 171 200 
38 67 96 172 201 
39 68 97 173 202 
40 69 98 174 203 
41 70 99 175 204 
42 71 100 176 205 
43 72 101 177 206 
44 73 102 178 207 
45 74 103 179 208 
46 75 104 180 209 
0 75 103 178 206 
1 76 104 179 207 
2 77 105 180 208 
3 78 106 181 209 
4 79 107 182 210 
5 80 108 183 211 
6 81 109 184 212 
7 82 110 185 213 
8 83 111 186 214 
9 84 112 187 215 
10 85 113 141 216 
11 86 114 142 217 
12 87 115 143 218 
13 88 116 144 219 
14 89 117 145 220 
15 90 118 146 221 
16 91 119 147 222 
17 92 120 148 223 
18 93 121 149 224 
19 47 122 150 225 
20 48 123 151 226 
21 49 124 152 227 
22 50 125 153 228 
23 51 126 154 229 
24 52 127 155 230 
25 53 128 156 231 
26 54 129 157 232 
27 55 130 158 233 
28 56 131 159 234 
29 57 132 160 188 
30 58 133 161 189 
31 59 134 162 190 
32 60 135 163 191 
33 61 136 164 192 
34 62 137 165 193 
35 63 138 166 194 
36 64 139 167 195 
37 65 140 168 196 
38 66 94 169 197 
39 67 95 170 198 
40 68 96 171 199 
41 69 97 172 200 
42 70 98 173 201 
43 71 99 174 202 
44 72 100 175 203 
45 73 101 176 204 
46 74 102 177 205 
0 74 101 175 202 
1 75 102 176 203 
2 76 103 177 204 
3 77 104 178 205 
4 78 105 179 206 
5 79 106 180 207 
6 80 107 181 208 
7 81 108 182 209 
8 82 109 183 210 
9 83 110 184 211 
10 84 111 185 212 
11 85 112 186 213 
12 86 113 187 214 
13 87 114 141 215 
14 88 115 142 216 
15 89 116 143 217 
16 90 117 144 218 
17 91 118 145 219 
18 92 119 146 220 
19 93 120 147 221 
20 47 121 148 222 
21 48 122 149 223 
22 49 123 150 224 
23 50 124 151 225 
24 51 125 152 226 
25 52 126 153 227 
26 53 127 154 228 
27 54 128 155 229 
28 55 129 156 230 
29 56 130 157 231 
30 57 131 158 232 
31 58 132 159 233 
32 59 133 160 234 
33 60 134 161 188 
34 61 135 162 189 
35 62 136 163 190 
36 63 137 164 191 
37 64 138 165 192 
38 65 139 166 193 
39 66 140 167 194 
40 67 94 168 195 
41 68 95 169 196 
42 69 96 170 197 
43 70 97 171 198 
44 71 98 172 199 
45 72 99 173 200 
46 73 100 174 201 
0 73 99 172 198 
1 74 100 173 199 
2 75 101 174 200 
3 76 102 175 201 
4 77 103 176 202 
5 78 104 177 203 
6 79 105 178 204 
7 80 106 179 205 
8 81 107 180 206 
9 82 108 181 207 
10 83 109 182 208 
11 84 110 183 209 
12 85 111 184 210 
13 86 112 185 211 
14 87 113 186 212 
15 88 114 187 213 
16 89 115 141 214 
17 90 116 142 215 
18 91 117 143 216 
19 92 118 144 217 
20 93 119 145 218 
21 47 120 146 219 
22 48 121 147 220 
23 49 122 148 221 
24 50 123 149 222 
25 51 124 150 223 
26 52 125 151 224 
27 53 126 152 225 
28 54 127 153 226 
29 55 128 154 227 
30 56 129 155 228 
31 57 130 156 229 
32 58 131 157 230 
33 59 132 158 231 
34 60 133 159 232 
35 61 134 160 233 
36 62 135 161 234 
37 63 136 162 188 
38 64 137 163 189 
39 65 138 164 190 
40 66 139 165 191 
41 67 140 166 192 
42 68 94 167 193 
43 69 95 168 194 
44 70 96 169 195 
45 71 97 170 196 
46 72 98 171 197 
0 72 97 169 194 
1 73 98 170 195 
2 74 99 171 196 
3 75 100 172 197 
4 76 101 173 198 
5 77 102 174 199 
6 78 103 175 200 
7 79 104 176 201 
8 80 105 177 202 
9 81 106 178 203 
10 82 107 179 204 
11 83 108 180 205 
12 84 109 181 206 
13 85 110 182 207 
14 86 111 183 208 
15 87 112 184 209 
16 88 113 185 210 
17 89 114 186 211 
18 90 115 187 212 
19 91 116 141 213 
20 92 117 142 214 
21 93 118 143 215 
22 47 119 144 216 
23 48 120 145 217 
24 49 121 146 218 
25 50 122 147 219 
26 51 123 148 220 
27 52 124 149 221 
28 53 125 150 222 
29 54 126 151 223 
30 55 127 152 224 
31 56 128 153 225 
32 57 129 154 226 
33 58 130 155 227 
34 59 131 156 228 
35 60 132 157 229 
36 61 133 158 230 
37 62 134 159 231 
38 63 135 160 232 
39 64 136 161 233 
40 65 137 162 234 
41 66 138 163 188 
42 67 139 164 189 
43 68 140 165 190 
44 69 94 166 191 
45 70 95 167 192 
46 71 96 168 193 
0 71 95 166 190 
1 72 96 167 191 
2 73 97 168 192 
3 74 98 169 193 
4 75 99 170 194 
5 76 100 171 195 
6 77 101 172 196 
7 78 102 173 197 
8 79 103 174 198 
9 80 104 175 199 
10 81 105 176 200 
11 82 106 177 201 
12 83 107 178 202 
13 84 108 179 203 
14 85 109 180 204 
15 86 110 181 205 
16 87 111 182 206 
17 88 112 183 207 
18 89 113 184 208 
19 90 114 185 209 
20 91 115 186 210 
21 92 116 187 211 
22 93 117 141 212 
23 47 118 142 213 
24 48 119 143 214 
25 49 120 144 215 
26 50 121 145 216 
27 51 122 146 217 
28 52 123 147 218 
29 53 124 148 219 
30 54 125 149 220 
31 55 126 150 221 
32 56 127 151 222 
33 57 128 152 223 
34 58 129 153 224 
35 59 130 154 225 
36 60 131 155 226 
37 61 132 156 227 
38 62 133 157 228 
39 63 134 158 229 
40 64 135 159 230 
41 65 136 160 231 
42 66 137 161 232 
43 67 138 162 233 
44 68 139 163 234 
45 69 140 164 188 
46 70 94 165 189 
0 70 140 163 233 
1 71 94 164 234 
2 72 95 165 188 
3 73 96 166 189 
4 74 97 167 190 
5 75 98 168 191 
6 76 99 169 192 
7 77 100 170 193 
8 78 101 171 194 
9 79 102 172 195 
10 80 103 173 196 
11 81 104 174 197 
12 82 105 175 198 
13 83 106 176 199 
14 84 107 177 200 
15 85 108 178 201 
16 86 109 179 202 
17 87 110 180 203 
18 88 111 181 204 
19 89 112 182 205 
20 90 113 183 206 
21 91 114 184 207 
22 92 115 185 208 
23 93 116 186 209 
24 47 117 187 210 
25 48 118 141 211 
26 49 119 142 212 
27 50 120 143 213 
28 51 121 144 214 
29 52 122 145 215 
30 53 123 146 216 
31 54 124 147 217 
32 55 125 148 218 
33 56 126 149 219 
34 57 127 150 220 
35 58 128 151 221 
36 59 129 152 222 
37 60 130 153 223 
38 61 131 154 224 
39 62 132 155 225 
40 63 133 156 226 
41 64 134 157 227 
42 65 135 158 228 
43 66 136 159 229 
44 67 137 160 230 
45 68 138 161 231 
46 69 139 162 232 
0 69 138 160 229 
1 70 139 161 230 
2 71 140 162 231 
3 72 94 163 232 
4 73 95 164 233 
5 74 96 165 234 
6 75 97 166 188 
7 76 98 167 189 
8 77 99 168 190 
9 78 100 169 191 
10 79 101 170 192 
11 80 102 171 193 
12 81 103 172 194 
13 82 104 173 195 
14 83 105 174 196 
15 84 106 175 197 
16 85 107 176 198 
17 86 108 177 199 
18 87 109 178 200 
19 88 110 179 201 
20 89 111 180 202 
21 90 112 181 203 
22 91 113 182 204 
23 92 114 183 205 
24 93 115 184 206 
25 47 116 185 207 
26 48 117 186 208 
27 49 118 187 209 
28 50 119 141 210 
29 51 120 142 211 
30 52 121 143 212 
31 53 122 144 213 
32 54 123 145 214 
33 55 124 146 215 
34 56 125 147 216 
35 57 126 148 217 
36 58 127 149 218 
37 59 128 150 219 
38 60 129 151 220 
39 61 130 152 221 
40 62 131 153 222 
41 63 132 154 223 
42 64 133 155 224 
43 65 134 156 225 
44 66 135 157 226 
45 67 136 158 227 
46 68 137 159 228 
0 68 136 157 225 
1 69 137 158 226 
2 70 138 159 227 
3 71 139 160 228 
4 72 140 161 229 
5 73 94 162 230 
6 74 95 163 231 
7 75 96 164 232 
8 76 97 165 233 
9 77 98 166 234 
10 78 99 167 188 
11 79 100 168 189 
12 80 101 169 190 
13 81 102 170 191 
14 82 103 171 192 
15 83 104 172 193 
16 84 105 173 194 
17 85 106 174 195 
18 86 107 175 196 
19 87 108 176 197 
20 88 109 177 198 
21 89 110 178 199 
22 90 111 179 200 
23 91 112 180 201 
24 92 113 181 202 
25 93 114 182 203 
26 47 115 183 204 
27 48 116 184 205 
28 49 117 185 206 
29 50 118 186 207 
30 51 119 187 208 
31 52 120 141 209 
32 53 121 142 210 
33 54 122 143 211 
34 55 123 144 212 
35 56 124 145 213 
36 57 125 146 214 
37 58 126 147 215 
38 59 127 148 216 
39 60 128 149 217 
40 61 129 150 218 
41 62 130 151 219 
42 63 131 152 220 
43 64 132 153 221 
44 65 133 154 222 
45 66 134 155 223 
46 67 135 156 224 
0 67 134 154 221 
1 68 135 155 222 
2 69 136 156 223 
3 70 137 157 224 
4 71 138 158 225 
5 72 139 159 226 
6 73 140 160 227 
7 74 94 161 228 
8 75 95 162 229 
9 76 96 163 230 
10 77 97 164 231 
11 78 98 165 232 
12 79 99 166 233 
13 80 100 167 234 
14 81 101 168 188 
15 82 102 169 189 
16 83 103 170 190 
17 84 104 171 191 
18 85 105 172 192 
19 86 106 173 193 
20 87 107 174 194 
21 88 108 175 195 
22 89 109 176 196 
23 90 110 177 197 
24 91 111 178 198 
25 92 112 179 199 
26 93 113 180 200 
27 47 114 181 201 
28 48 115 182 202 
29 49 116 183 203 
30 50 117 184 204 
31 51 118 185 205 
32 52 119 186 206 
33 53 120 187 207 
34 54 121 141 208 
35 55 122 142 209 
36 56 123 143 210 
37 57 124 144 211 
38 58 125 145 212 
39 59 126 146 213 
40 60 127 147 214 
41 61 128 148 215 
42 62 129 149 216 
43 63 130 150 217 
44 64 131 151 218 
45 65 132 152 219 
46 66 133 153 220 
0 66 132 151 217 
1 67 133 152 218 
2 68 134 153 219 
3 69 135 154 220 
4 70 136 155 221 
5 71 137 156 222 
6 72 138 157 223 
7 73 139 158 224 
8 74 140 159 225 
9 75 94 160 226 
10 76 95 161 227 
11 77 96 162 228 
12 78 97 163 229 
13 79 98 164 230 
14 80 99 165 231 
15 81 100 166 232 
16 82 101 167 233 
17 83 102 168 234 
18 84 103 169 188 
19 85 104 170 189 
20 86 105 171 190 
21 87 106 172 191 
22 88 107 173 192 
23 89 108 174 193 
24 90 109 175 194 
25 91 110 176 195 
26 92 111 177 196 
27 93 112 178 197 
28 47 113 179 198 
29 48 114 180 199 
30 49 115 181 200 
31 50 116 182 201 
32 51 117 183 202 
33 52 118 184 203 
34 53 119 185 204 
35 54 120 186 205 
36 55 121 187 206 
37 56 122 141 207 
38 57 123 142 208 
39 58 124 143 209 
40 59 125 144 210 
41 60 126 145 211 
42 61 127 146 212 
43 62 128 147 213 
44 63 129 148 214 
45 64 130 149 215 
46 65 131 150 216 
0 65 130 148 213 
1 66 131 149 214 
2 67 132 150 215 
3 68 133 151 216 
4 69 134 152 217 
5 70 135 153 218 
6 71 136 154 219 
7 72 137 155 220 
8 73 138 156 221 
9 74 139 157 222 
10 75 140 158 223 
11 76 94 159 224 
12 77 95 160 225 
13 78 96 161 226 
14 79 97 162 227 
15 80 98 163 228 
16 81 99 164 229 
17 82 100 165 230 
18 83 101 166 231 
19 84 102 167 232 
20 85 103 168 233 
21 86 104 169 234 
22 87 105 170 188 
23 88 106 171 189 
24 89 107 172 190 
25 90 108 173 191 
26 91 109 174 192 
27 92 110 175 193 
28 93 111 176 194 
29 47 112 177 195 
30 48 113 178 196 
31 49 114 179 197 
32 50 115 180 198 
33 51 116 181 199 
34 52 117 182 200 
35 53 118 183 201 
36 54 119 184 202 
37 55 120 185 203 
38 56 121 186 204 
39 57 122 187 205 
40 58 123 141 206 
41 59 124 142 207 
42 60 125 143 208 
43 61 126 144 209 
44 62 127 145 210 
45 63 128 146 211 
46 64 129 147 212 
0 64 128 145 209 
1 65 129 146 210 
2 66 130 147 211 
3 67 131 148 212 
4 68 132 149 213 
5 69 133 150 214 
6 70 134 151 215 
7 71 135 152 216 
8 72 136 153 217 
9 73 137 154 218 
10 74 138 155 219 
11 75 139 156 220 
12 76 140 157 221 
13 77 94 158 222 
14 78 95 159 223 
15 79 96 160 224 
16 80 97 161 225 
17 81 98 162 226 
18 82 99 163 227 
19 83 100 164 228 
20 84 101 165 229 
21 85 102 166 230 
22 86 103 167 231 
23 87 104 168 232 
24 88 105 169 233 
25 89 106 170 234 
26 90 107 171 188 
27 91 108 172 189 
28 92 109 173 190 
29 93 110 174 191 
30 47 111 175 192 
31 48 112 176 193 
32 49 113 177 194 
33 50 114 178 195 
34 51 115 179 196 
35 52 116 180 197 
36 53 117 181 198 
37 54 118 182 199 
38 55 119 183 200 
39 56 120 184 201 
40 57 121 185 202 
41 58 122 186 203 
42 59 123 187 204 
43 60 124 141 205 
44 61 125 142 206 
45 62 126 143 207 
46 63 127 144 208 
0 63 126 142 205 
1 64 127 143 206 
2 65 128 144 207 
3 66 129 145 208 
4 67 130 146 209 
5 68 131 147 210 
6 69 132 148 211 
7 70 133 149 212 
8 71 134 150 213 
9 72 135 151 214 
10 73 136 152 215 
11 74 137 153 216 
12 75 138 154 217 
13 76 139 155 218 
14 77 140 156 219 
15 78 94 157 220 
16 79 95 158 221 
17 80 96 159 222 
18 81 97 160 223 
19 82 98 161 224 
20 83 99 162 225 
21 84 100 163 226 
22 85 101 164 227 
23 86 102 165 228 
24 87 103 166 229 
25 88 104 167 230 
26 89 105 168 231 
27 90 106 169 232 
28 91 107 170 233 
29 92 108 171 234 
30 93 109 172 188 
31 47 110 173 189 
32 48 111 174 190 
33 49 112 175 191 
34 50 113 176 192 
35 51 114 177 193 
36 52 115 178 194 
37 53 116 179 195 
38 54 117 180 196 
39 55 118 181 197 
40 56 119 182 198 
41 57 120 183 199 
42 58 121 184 200 
43 59 122 185 201 
44 60 123 186 202 
45 61 124 187 203 
46 62 125 141 204 
0 62 124 186 201 
1 63 125 187 202 
2 64 126 141 203 
3 65 127 142 204 
4 66 128 143 205 
5 67 129 144 206 
6 68 130 145 207 
7 69 131 146 208 
8 70 132 147 209 
9 71 133 148 210 
10 72 134 149 211 
11 73 135 150 212 
12 74 136 151 213 
13 75 137 152 214 
14 76 138 153 215 
15 77 139 154 216 
16 78 140 155 217 
17 79 94 156 218 
18 80 95 157 219 
19 81 96 158 220 
20 82 97 159 221 
21 83 98 160 222 
22 84 99 161 223 
23 85 100 162 224 
24 86 101 163 225 
25 87 102 164 226 
26 88 103 165 227 
27 89 104 166 228 
28 90 105 167 229 
29 91 106 168 230 
30 92 107 169 231 
31 93 108 170 232 
32 47 109 171 233 
33 48 110 172 234 
34 49 111 173 188 
35 50 112 174 189 
36 51 113 175 190 
37 52 114 176 191 
38 53 115 177 192 
39 54 116 178 193 
40 55 117 179 194 
41 56 118 180 195 
42 57 119 181 196 
43 58 120 182 197 
44 59 121 183 198 
45 60 122 184 199 
46 61 123 185 200 
0 61 122 183 197 
1 62 123 184 198 
2 63 124 185 199 
3 64 125 186 200 
4 65 126 187 201 
5 66 127 141 202 
6 67 128 142 203 
7 68 129 143 204 
8 69 130 144 205 
9 70 131 145 206 
10 71 132 146 207 
11 72 133 147 208 
12 73 134 148 209 
13 74 135 149 210 
14 75 136 150 211 
15 76 137 151 212 
16 77 138 152 213 
17 78 139 153 214 
18 79 140 154 215 
19 80 94 155 216 
20 81 95 156 217 
21 82 96 157 218 
22 83 97 158 219 
23 84 98 159 220 
24 85 99 160 221 
25 86 100 161 222 
26 87 101 162 223 
27 88 102 163 224 
28 89 103 164 225 
29 90 104 165 226 
30 91 105 166 227 
31 92 106 167 228 
32 93 107 168 229 
33 47 108 169 230 
34 48 109 170 231 
35 49 110 171 232 
36 50 111 172 233 
37 51 112 173 234 
38 52 113 174 188 
39 53 114 175 189 
40 54 115 176 190 
41 55 116 177 191 
42 56 117 178 192 
43 57 118 179 193 
44 58 119 180 194 
45 59 120 181 195 
46 60 121 182 196 
0 60 120 180 193 
1 61 121 181 194 
2 62 122 182 195 
3 63 123 183 196 
4 64 124 184 197 
5 65 125 185 198 
6 66 126 186 199 
7 67 127 187 200 
8 68 128 141 201 
9 69 129 142 202 
10 70 130 143 203 
11 71 131 144 204 
12 72 132 145 205 
13 73 133 146 206 
14 74 134 147 207 
15 75 135 148 208 
16 76 136 149 209 
17 77 137 150 210 
18 78 138 151 211 
19 79 139 152 212 
20 80 140 153 213 
21 81 94 154 214 
22 82 95 155 215 
23 83 96 156 216 
24 84 97 157 217 
25 85 98 158 218 
26 86 99 159 219 
27 87 100 160 220 
28 88 101 161 221 
29 89 102 162 222 
30 90 103 163 223 
31 91 104 164 224 
32 92 105 165 225 
33 93 106 166 226 
34 47 107 167 227 
35 48 108 168 228 
36 49 109 169 229 
37 50 110 170 230 
38 51 111 171 231 
39 52 112 172 232 
40 53 113 173 233 
41 54 114 174 234 
42 55 115 175 188 
43 56 116 176 189 
44 57 117 177 190 
45 58 118 178 191 
46 59 119 179 192 
0 59 118 177 189 
1 60 119 178 190 
2 61 120 179 191 
3 62 121 180 192 
4 63 122 181 193 
5 64 123 182 194 
6 65 124 183 195 
7 66 125 184 196 
8 67 126 185 197 
9 68 127 186 198 
10 69 128 187 199 
11 70 129 141 200 
12 71 130 142 201 
13 72 131 143 202 
14 73 132 144 203 
15 74 133 145 204 
16 75 134 146 205 
17 76 135 147 206 
18 77 136 148 207 
19 78 137 149 208 
20 79 138 150 209 
21 80 139 151 210 
22 81 140 152 211 
23 82 94 153 212 
24 83 95 154 213 
25 84 96 155 214 
26 85 97 156 215 
27 86 98 157 216 
28 87 99 158 217 
29 88 100 159 218 
30 89 101 160 219 
31 90 102 161 220 
32 91 103 162 221 
33 92 104 163 222 
34 93 105 164 223 
35 47 106 165 224 
36 48 107 166 225 
37 49 108 167 226 
38 50 109 168 227 
39 51 110 169 228 
40 52 111 170 229 
41 53 112 171 230 
42 54 113 172 231 
43 55 114 173 232 
44 56 115 174 233 
45 57 116 175 234 
46 58 117 176 188 
0 58 116 174 232 
1 59 117 175 233 
2 60 118 176 234 
3 61 119 177 188 
4 62 120 178 189 
5 63 121 179 190 
6 64 122 180 191 
7 65 123 181 192 
8 66 124 182 193 
9 67 125 183 194 
10 68 126 184 195 
11 69 127 185 196 
12 70 128 186 197 
13 71 129 187 198 
14 72 130 141 199 
15 73 131 142 200 
16 74 132 143 201 
17 75 133 144 202 
18 76 134 145 203 
19 77 135 146 204 
20 78 136 147 205 
21 79 137 148 206 
22 80 138 149 207 
23 81 139 150 208 
24 82 140 151 209 
25 83 94 152 210 
26 84 95 153 211 
27 85 96 154 212 
28 86 97 155 213 
29 87 98 156 214 
30 88 99 157 215 
31 89 100 158 216 
32 90 101 159 217 
33 91 102 160 218 
34 92 103 161 219 
35 93 104 162 220 
36 47 105 163 221 
37 48 106 164 222 
38 49 107 165 223 
39 50 108 166 224 
40 51 109 167 225 
41 52 110 168 226 
42 53 111 169 227 
43 54 112 170 228 
44 55 113 171 229 
45 56 114 172 230 
46 57 115 173 231 
0 57 114 171 228 
1 58 115 172 229 
2 59 116 173 230 
3 60 117 174 231 
4 61 118 175 232 
5 62 119 176 233 
6 63 120 177 234 
7 64 121 178 188 
8 65 122 179 189 
9 66 123 180 190 
10 67 124 181 191 
11 68 125 182 192 
12 69 126 183 193 
13 70 127 184 194 
14 71 128 185 195 
15 72 129 186 196 
16 73 130 187 197 
17 74 131 141 198 
18 75 132 142 199 
19 76 133 143 200 
20 77 134 144 201 
21 78 135 145 202 
22 79 136 146 203 
23 80 137 147 204 
24 81 138 148 205 
25 82 139 149 206 
26 83 140 150 207 
27 84 94 151 208 
28 85 95 152 209 
29 86 96 153 210 
30 87 97 154 211 
31 88 98 155 212 
32 89 99 156 213 
33 90 100 157 214 
34 91 101 158 215 
35 92 102 159 216 
36 93 103 160 217 
37 47 104 161 218 
38 48 105 162 219 
39 49 106 163 220 
40 50 107 164 221 
41 51 108 165 222 
42 52 109 166 223 
43 53 110 167 224 
44 54 111 168 225 
45 55 112 169 226 
46 56 113 170 227 
0 56 112 168 224 
1 57 113 169 225 
2 58 114 170 226 
3 59 115 171 227 
4 60 116 172 228 
5 61 117 173 229 
6 62 118 174 230 
7 63 119 175 231 
8 64 120 176 232 
9 65 121 177 233 
10 66 122 178 234 
11 67 123 179 188 
12 68 124 180 189 
13 69 125 181 190 
14 70 126 182 191 
15 71 127 183 192 
16 72 128 184 193 
17 73 129 185 194 
18 74 130 186 195 
19 75 131 187 196 
20 76 132 141 197 
21 77 133 142 198 
22 78 134 143 199 
23 79 135 144 200 
24 80 136 145 201 
25 81 137 146 202 
26 82 138 147 203 
27 83 139 148 204 
28 84 140 149 205 
29 85 94 150 206 
30 86 95 151 207 
31 87 96 152 208 
32 88 97 153 209 
33 89 98 154 210 
34 90 99 155 211 
35 91 100 156 212 
36 92 101 157 213 
37 93 102 158 214 
38 47 103 159 215 
39 48 104 160 216 
40 49 105 161 217 
41 50 106 162 218 
42 51 107 163 219 
43 52 108 164 220 
44 53 109 165 221 
45 54 110 166 222 
46 55 111 167 223 
0 55 110 165 220 
1 56 111 166 221 
2 57 112 167 222 
3 58 113 168 223 
4 59 114 169 224 
5 60 115 170 225 
6 61 116 171 226 
7 62 117 172 227 
8 63 118 173 228 
9 64 119 174 229 
10 65 120 175 230 
11 66 121 176 231 
12 67 122 177 232 
13 68 123 178 233 
14 69 124 179 234 
15 70 125 180 188 
16 71 126 181 189 
17 72 127 182 190 
18 73 128 183 191 
19 74 129 184 192 
20 75 130 185 193 
21 76 131 186 194 
22 77 132 187 195 
23 78 133 141 196 
24 79 134 142 197 
25 80 135 143 198 
26 81 136 144 199 
27 82 137 145 200 
28 83 138 146 201 
29 84 139 147 202 
30 85 140 148 203 
31 86 94 149 204 
32 87 95 150 205 
33 88 96 151 206 
34 89 97 152 207 
35 90 98 153 208 
36 91 99 154 209 
37 92 100 155 210 
38 93 101 156 211 
39 47 102 157 212 
40 48 103 158 213 
41 49 104 159 214 
42 50 105 160 215 
43 51 106 161 216 
44 52 107 162 217 
45 53 108 163 218 
46 54 109 164 219 
0 54 108 162 216 
1 55 109 163 217 
2 56 110 164 218 
3 57 111 165 219 
4 58 112 166 220 
5 59 113 167 221 
6 60 114 168 222 
7 61 115 169 223 
8 62 116 170 224 
9 63 117 171 225 
10 64 118 172 226 
11 65 119 173 227 
12 66 120 174 228 
13 67 121 175 229 
14 68 122 176 230 
15 69 123 177 231 
16 70 124 178 232 
17 71 125 179 233 
18 72 126 180 234 
19 73 127 181 188 
20 74 128 182 189 
21 75 129 183 190 
22 76 130 184 191 
23 77 131 185 192 
24 78 132 186 193 
25 79 133 187 194 
26 80 134 141 195 
27 81 135 142 196 
28 82 136 143 197 
29 83 137 144 198 
30 84 138 145 199 
31 85 139 146 200 
32 86 140 147 201 
33 87 94 148 202 
34 88 95 149 203 
35 89 96 150 204 
36 90 97 151 205 
37 91 98 152 206 
38 92 99 153 207 
39 93 100 154 208 
40 47 101 155 209 
41 48 102 156 210 
42 49 103 157 211 
43 50 104 158 212 
44 51 105 159 213 
45 52 106 160 214 
46 53 107 161 215 
0 53 106 159 212 
1 54 107 160 213 
2 55 108 161 214 
3 56 109 162 215 
4 57 110 163 216 
5 58 111 164 217 
6 59 112 165 218 
7 60 113 166 219 
8 61 114 167 220 
9 62 115 168 221 
10 63 116 169 222 
11 64 117 170 223 
12 65 118 171 224 
13 66 119 172 225 
14 67 120 173 226 
15 68 121 174 227 
16 69 122 175 228 
17 70 123 176 229 
18 71 124 177 230 
19 72 125 178 231 
20 73 126 179 232 
21 74 127 180 233 
22 75 128 181 234 
23 76 129 182 188 
24 77 130 183 189 
25 78 131 184 190 
26 79 132 185 191 
27 80 133 186 192 
28 81 134 187 193 
29 82 135 141 194 
30 83 136 142 195 
31 84 137 143 196 
32 85 138 144 197 
33 86 139 145 198 
34 87 140 146 199 
35 88 94 147 200 
36 89 95 148 201 
37 90 96 149 202 
38 91 97 150 203 
39 92 98 151 204 
40 93 99 152 205 
41 47 100 153 206 
42 48 101 154 207 
43 49 102 155 208 
44 50 103 156 209 
45 51 104 157 210 
46 52 105 158 211 
0 52 104 156 208 
1 53 105 157 209 
2 54 106 158 210 
3 55 107 159 211 
4 56 108 160 212 
5 57 109 161 213 
6 58 110 162 214 
7 59 111 163 215 
8 60 112 164 216 
9 61 113 165 217 
10 62 114 166 218 
11 63 115 167 219 
12 64 116 168 220 
13 65 117 169 221 
14 66 118 170 222 
15 67 119 171 223 
16 68 120 172 224 
17 69 121 173 225 
18 70 122 174 226 
19 71 123 175 227 
20 72 124 176 228 
21 73 125 177 229 
22 74 126 178 230 
23 75 127 179 231 
24 76 128 180 232 
25 77 129 181 233 
26 78 130 182 234 
27 79 131 183 188 
28 80 132 184 189 
29 81 133 185 190 
30 82 134 186 191 
31 83 135 187 192 
32 84 136 141 193 
33 85 137 142 194 
34 86 138 143 195 
35 87 139 144 196 
36 88 140 145 197 
37 89 94 146 198 
38 90 95 147 199 
39 91 96 148 200 
40 92 97 149 201 
41 93 98 150 202 
42 47 99 151 203 
43 48 100 152 204 
44 49 101 153 205 
45 50 102 154 206 
46 51 103 155 207 
0 51 102 153 204 
1 52 103 154 205 
2 53 104 155 206 
3 54 105 156 207 
4 55 106 157 208 
5 56 107 158 209 
6 57 108 159 210 
7 58 109 160 211 
8 59 110 161 212 
9 60 111 162 213 
10 61 112 163 214 
11 62 113 164 215 
12 63 114 165 216 
13 64 115 166 217 
14 65 116 167 218 
15 66 117 168 219 
16 67 118 169 220 
17 68 119 170 221 
18 69 120 171 222 
19 70 121 172 223 
20 71 122 173 224 
21 72 123 174 225 
22 73 124 175 226 
23 74 125 176 227 
24 75 126 177 228 
25 76 127 178 229 
26 77 128 179 230 
27 78 129 180 231 
28 79 130 181 232 
29 80 131 182 233 
30 81 132 183 234 
31 82 133 184 188 
32 83 134 185 189 
33 84 135 186 190 
34 85 136 187 191 
35 86 137 141 192 
36 87 138 142 193 
37 88 139 143 194 
38 89 140 144 195 
39 90 94 145 196 
40 91 95 146 197 
41 92 96 147 198 
42 93 97 148 199 
43 47 98 149 200 
44 48 99 150 201 
45 49 100 151 202 
46 50 101 152 203 
0 50 100 150 200 
1 51 101 151 201 
2 52 102 152 202 
3 53 103 153 203 
4 54 104 154 204 
5 55 105 155 205 
6 56 106 156 206 
7 57 107 157 207 
8 58 108 158 208 
9 59 109 159 209 
10 60 110 160 210 
11 61 111 161 211 
12 62 112 162 212 
13 63 113 163 213 
14 64 114 164 214 
15 65 115 165 215 
16 66 116 166 216 
17 67 117 167 217 
18 68 118 168 218 
19 69 119 169 219 
20 70 120 170 220 
21 71 121 171 221 
22 72 122 172 222 
23 73 123 173 223 
24 74 124 174 224 
25 75 125 175 225 
26 76 126 176 226 
27 77 127 177 227 
28 78 128 178 228 
29 79 129 179 229 
30 80 130 180 230 
31 81 131 181 231 
32 82 132 182 232 
33 83 133 183 233 
34 84 134 184 234 
35 85 135 185 188 
36 86 136 186 189 
37 87 137 187 190 
38 88 138 141 191 
39 89 139 142 192 
40 90 140 143 193 
41 91 94 144 194 
42 92 95 145 195 
43 93 96 146 196 
44 47 97 147 197 
45 48 98 148 198 
46 49 99 149 199 
0 49 98 147 196 
1 50 99 148 197 
2 51 100 149 198 
3 52 101 150 199 
4 53 102 151 200 
5 54 103 152 201 
6 55 104 153 202 
7 56 105 154 203 
8 57 106 155 204 
9 58 107 156 205 
10 59 108 157 206 
11 60 109 158 207 
12 61 110 159 208 
13 62 111 160 209 
14 63 112 161 210 
15 64 113 162 211 
16 65 114 163 212 
17 66 115 164 213 
18 67 116 165 214 
19 68 117 166 215 
20 69 118 167 216 
21 70 119 168 217 
22 71 120 169 218 
23 72 121 170 219 
24 73 122 171 220 
25 74 123 172 221 
26 75 124 173 222 
27 76 125 174 223 
28 77 126 175 224 
29 78 127 176 225 
30 79 128 177 226 
31 80 129 178 227 
32 81 130 179 228 
33 82 131 180 229 
34 83 132 181 230 
35 84 133 182 231 
36 85 134 183 232 
37 86 135 184 233 
38 87 136 185 234 
39 88 137 186 188 
40 89 138 187 189 
41 90 139 141 190 
42 91 140 142 191 
43 92 94 143 192 
44 93 95 144 193 
45 47 96 145 194 
46 48 97 146 195 
0 48 96 144 192 
1 49 97 145 193 
2 50 98 146 194 
3 51 99 147 195 
4 52 100 148 196 
5 53 101 149 197 
6 54 102 150 198 
7 55 103 151 199 
8 56 104 152 200 
9 57 105 153 201 
10 58 106 154 202 
11 59 107 155 203 
12 60 108 156 204 
13 61 109 157 205 
14 62 110 158 206 
15 63 111 159 207 
16 64 112 160 208 
17 65 113 161 209 
18 66 114 162 210 
19 67 115 163 211 
20 68 116 164 212 
21 69 117 165 213 
22 70 118 166 214 
23 71 119 167 215 
24 72 120 168 216 
25 73 121 169 217 
26 74 122 170 218 
27 75 123 171 219 
28 76 124 172 220 
29 77 125 173 221 
30 78 126 174 222 
31 79 127 175 223 
32 80 128 176 224 
33 81 129 177 225 
34 82 130 178 226 
35 83 131 179 227 
36 84 132 180 228 
37 85 133 181 229 
38 86 134 182 230 
39 87 135 183 231 
40 88 136 184 232 
41 89 137 185 233 
42 90 138 186 234 
43 91 139 187 188 
44 92 140 141 189 
45 93 94 142 190 
46 47 95 143 191 
0 47 94 141 188 235 282 329 376 423 470 517 564 611 658 705 752 799 846 893 940 987 1034 1081 1128 1175 1222 1269 1316 1363 1410 1457 1504 1551 1598 1645 1692 1739 1786 1833 1880 1927 1974 2021 2068 2115 2162 
1 48 95 142 189 236 283 330 377 424 471 518 565 612 659 706 753 800 847 894 941 988 1035 1082 1129 1176 1223 1270 1317 1364 1411 1458 1505 1552 1599 1646 1693 1740 1787 1834 1881 1928 1975 2022 2069 2116 2163 
2 49 96 143 190 237 284 331 378 425 472 519 566 613 660 707 754 801 848 895 942 989 1036 1083 1130 1177 1224 1271 1318 1365 1412 1459 1506 1553 1600 1647 1694 1741 1788 1835 1882 1929 1976 2023 2070 2117 2164 
3 50 97 144 191 238 285 332 379 426 473 520 567 614 661 708 755 802 849 896 943 990 1037 1084 1131 1178 1225 1272 1319 1366 1413 1460 1507 1554 1601 1648 1695 1742 1789 1836 1883 1930 1977 2024 2071 2118 2165 
4 51 98 145 192 239 286 333 380 427 474 521 568 615 662 709 756 803 850 897 944 991 1038 1085 1132 1179 1226 1273 1320 1367 1414 1461 1508 1555 1602 1649 1696 1743 1790 1837 1884 1931 1978 2025 2072 2119 2166 
5 52 99 146 193 240 287 334 381 428 475 522 569 616 663 710 757 804 851 898 945 992 1039 1086 1133 1180 1227 1274 1321 1368 1415 1462 1509 1556 1603 1650 1697 1744 1791 1838 1885 1932 1979 2026 2073 2120 2167 
6 53 100 147 194 241 288 335 382 429 476 523 570 617 664 711 758 805 852 899 946 993 1040 1087 1134 1181 1228 1275 1322 1369 1416 1463 1510 1557 1604 1651 1698 1745 1792 1839 1886 1933 1980 2027 2074 2121 2168 
7 54 101 148 195 242 289 336 383 430 477 524 571 618 665 712 759 806 853 900 947 994 1041 1088 1135 1182 1229 1276 1323 1370 1417 1464 1511 1558 1605 1652 1699 1746 1793 1840 1887 1934 1981 2028 2075 2122 2169 
8 55 102 149 196 243 290 337 384 431 478 525 572 619 666 713 760 807 854 901 948 995 1042 1089 1136 1183 1230 1277 1324 1371 1418 1465 1512 1559 1606 1653 1700 1747 1794 1841 1888 1935 1982 2029 2076 2123 2170 
9 56 103 150 197 244 291 338 385 432 479 526 573 620 667 714 761 808 855 902 949 996 1043 1090 1137 1184 1231 1278 1325 1372 1419 1466 1513 1560 1607 1654 1701 1748 1795 1842 1889 1936 1983 2030 2077 2124 2171 
10 57 104 151 198 245 292 339 386 433 480 527 574 621 668 715 762 809 856 903 950 997 1044 1091 1138 1185 1232 1279 1326 1373 1420 1467 1514 1561 1608 1655 1702 1749 1796 1843 1890 1937 1984 2031 2078 2125 2172 
11 58 105 152 199 246 293 340 387 434 481 528 575 622 669 716 763 810 857 904 951 998 1045 1092 1139 1186 1233 1280 1327 1374 1421 1468 1515 1562 1609 1656 1703 1750 1797 1844 1891 1938 1985 2032 2079 2126 2173 
12 59 106 153 200 247 294 341 388 435 482 529 576 623 670 717 764 811 858 905 952 999 1046 1093 1140 1187 1234 1281 1328 1375 1422 1469 1516 1563 1610 1657 1704 1751 1798 1845 1892 1939 1986 2033 2080 2127 2174 
13 60 107 154 201 248 295 342 389 436 483 530 577 624 671 718 765 812 859 906 953 1000 1047 1094 1141 1188 1235 1282 1329 1376 1423 1470 1517 1564 1611 1658 1705 1752 1799 1846 1893 1940 1987 2034 2081 2128 2175 
14 61 108 155 202 249 296 343 390 437 484 531 578 625 672 719 766 813 860 907 954 1001 1048 1095 1142 1189 1236 1283 1330 1377 1424 1471 1518 1565 1612 1659 1706 1753 1800 1847 1894 1941 1988 2035 2082 2129 2176 
15 62 109 156 203 250 297 344 391 438 485 532 579 626 673 720 767 814 861 908 955 1002 1049 1096 1143 1190 1237 1284 1331 1378 1425 1472 1519 1566 1613 1660 1707 1754 1801 1848 1895 1942 1989 2036 2083 2130 2177 
16 63 110 157 204 251 298 345 392 439 486 533 580 627 674 721 768 815 862 909 956 1003 1050 1097 1144 1191 1238 1285 1332 1379 1426 1473 1520 1567 1614 1661 1708 1755 1802 1849 1896 1943 1990 2037 2084 2131 2178 
17 64 111 158 205 252 299 346 393 440 487 534 581 628 675 722 769 816 863 910 957 1004 1051 1098 1145 1192 1239 1286 1333 1380 1427 1474 1521 1568 1615 1662 1709 1756 1803 1850 1897 1944 1991 2038 2085 2132 2179 
18 65 112 159 206 253 300 347 394 441 488 535 582 629 676 723 770 817 864 911 958 1005 1052 1099 1146 1193 1240 1287 1334 1381 1428 1475 1522 1569 1616 1663 1710 1757 1804 1851 1898 1945 1992 2039 2086 2133 2180 
19 66 113 160 207 254 301 348 395 442 489 536 583 630 677 724 771 818 865 912 959 1006 1053 1100 1147 1194 1241 1288 1335 1382 1429 1476 1523 1570 1617 1664 1711 1758 1805 1852 1899 1946 1993 2040 2087 2134 2181 
20 67 114 161 208 255 302 349 396 443 490 537 584 631 678 725 772 819 866 913 960 1007 1054 1101 1148 1195 1242 1289 1336 1383 1430 1477 1524 1571 1618 1665 1712 1759 1806 1853 1900 1947 1994 2041 2088 2135 2182 
21 68 115 162 209 256 303 350 397 444 491 538 585 632 679 726 773 820 867 914 961 1008 1055 1102 1149 1196 1243 1290 1337 1384 1431 1478 1525 1572 1619 1666 1713 1760 1807 1854 1901 1948 1995 2042 2089 2136 2183 
22 69 116 163 210 257 304 351 398 445 492 539 586 633 680 727 774 821 868 915 962 1009 1056 1103 1150 1197 1244 1291 1338 1385 1432 1479 1526 1573 1620 1667 1714 1761 1808 1855 1902 1949 1996 2043 2090 2137 2184 
23 70 117 164 211 258 305 352 399 446 493 540 587 634 681 728 775 822 869 916 963 1010 1057 1104 1151 1198 1245 1292 1339 1386 1433 1480 1527 1574 1621 1668 1715 1762 1809 1856 1903 1950 1997 2044 2091 2138 2185 
24 71 118 165 212 259 306 353 400 447 494 541 588 635 682 729 776 823 870 917 964 1011 1058 1105 1152 1199 1246 1293 1340 1387 1434 1481 1528 1575 1622 1669 1716 1763 1810 1857 1904 1951 1998 2045 2092 2139 2186 
25 72 119 166 213 260 307 354 401 448 495 542 589 636 683 730 777 824 871 918 965 1012 1059 1106 1153 1200 1247 1294 1341 1388 1435 1482 1529 1576 1623 1670 1717 1764 1811 1858 1905 1952 1999 2046 2093 2140 2187 
26 73 120 167 214 261 308 355 402 449 496 543 590 637 684 731 778 825 872 919 966 1013 1060 1107 1154 1201 1248 1295 1342 1389 1436 1483 1530 1577 1624 1671 1718 1765 1812 1859 1906 1953 2000 2047 2094 2141 2188 
27 74 121 168 215 262 309 356 403 450 497 544 591 638 685 732 779 826 873 920 967 1014 1061 1108 1155 1202 1249 1296 1343 1390 1437 1484 1531 1578 1625 1672 1719 1766 1813 1860 1907 1954 2001 2048 2095 2142 2189 
28 75 122 169 216 263 310 357 404 451 498 545 592 639 686 733 780 827 874 921 968 1015 1062 1109 1156 1203 1250 1297 1344 1391 1438 1485 1532 1579 1626 1673 1720 1767 1814 1861 1908 1955 2002 2049 2096 2143 2190 
29 76 123 170 217 264 311 358 405 452 499 546 593 640 687 734 781 828 875 922 969 1016 1063 1110 1157 1204 1251 1298 1345 1392 1439 1486 1533 1580 1627 1674 1721 1768 1815 1862 1909 1956 2003 2050 2097 2144 2191 
30 77 124 171 218 265 312 359 406 453 500 547 594 641 688 735 782 829 876 923 970 1017 1064 1111 1158 1205 1252 1299 1346 1393 1440 1487 1534 1581 1628 1675 1722 1769 1816 1863 1910 1957 2004 2051 2098 2145 2192 
31 78 125 172 219 266 313 360 407 454 501 548 595 642 689 736 783 830 877 924 971 1018 1065 1112 1159 1206 1253 1300 1347 1394 1441 1488 1535 1582 1629 1676 1723 1770 1817 1864 1911 1958 2005 2052 2099 2146 2193 
32 79 126 173 220 267 314 361 408 455 502 549 596 643 690 737 784 831 878 925 972 1019 1066 1113 1160 1207 1254 1301 1348 1395 1442 1489 1536 1583 1630 1677 1724 1771 1818 1865 1912 1959 2006 2053 2100 2147 2194 
33 80 127 174 221 268 315 362 409 456 503 550 597 644 691 738 785 832 879 926 973 1020 1067 1114 1161 1208 1255 1302 1349 1396 1443 1490 1537 1584 1631 1678 1725 1772 1819 1866 1913 1960 2007 2054 2101 2148 2195 
34 81 128 175 222 269 316 363 410 457 504 551 598 645 692 739 786 833 880 927 974 1021 1068 1115 1162 1209 1256 1303 1350 1397 1444 1491 1538 1585 1632 1679 1726 1773 1820 1867 1914 1961 2008 2055 2102 2149 2196 
35 82 129 176 223 270 317 364 411 458 505 552 599 646 693 740 787 834 881 928 975 1022 1069 1116 1163 1210 1257 1304 1351 1398 1445 1492 1539 1586 1633 1680 1727 1774 1821 1868 1915 1962 2009 2056 2103 2150 2197 
36 83 130 177 224 271 318 365 412 459 506 553 600 647 694 741 788 835 882 929 976 1023 1070 1117 1164 1211 1258 1305 1352 1399 1446 1493 1540 1587 1634 1681 1728 1775 1822 1869 1916 1963 2010 2057 2104 2151 2198 
37 84 131 178 225 272 319 366 413 460 507 554 601 648 695 742 789 836 883 930 977 1024 1071 1118 1165 1212 1259 1306 1353 1400 1447 1494 1541 1588 1635 1682 1729 1776 1823 1870 1917 1964 2011 2058 2105 2152 2199 
38 85 132 179 226 273 320 367 414 461 508 555 602 649 696 743 790 837 884 931 978 1025 1072 1119 1166 1213 1260 1307 1354 1401 1448 1495 1542 1589 1636 1683 1730 1777 1824 1871 1918 1965 2012 2059 2106 2153 2200 
39 86 133 180 227 274 321 368 415 462 509 556 603 650 697 744 791 838 885 932 979 1026 1073 1120 1167 1214 1261 1308 1355 1402 1449 1496 1543 1590 1637 1684 1731 1778 1825 1872 1919 1966 2013 2060 2107 2154 2201 
40 87 134 181 228 275 322 369 416 463 510 557 604 651 698 745 792 839 886 933 980 1027 1074 1121 1168 1215 1262 1309 1356 1403 1450 1497 1544 1591 1638 1685 1732 1779 1826 1873 1920 1967 2014 2061 2108 2155 2202 
41 88 135 182 229 276 323 370 417 464 511 558 605 652 699 746 793 840 887 934 981 1028 1075 1122 1169 1216 1263 1310 1357 1404 1451 1498 1545 1592 1639 1686 1733 1780 1827 1874 1921 1968 2015 2062 2109 2156 2203 
42 89 136 183 230 277 324 371 418 465 512 559 606 653 700 747 794 841 888 935 982 1029 1076 1123 1170 1217 1264 1311 1358 1405 1452 1499 1546 1593 1640 1687 1734 1781 1828 1875 1922 1969 2016 2063 2110 2157 2204 
43 90 137 184 231 278 325 372 419 466 513 560 607 654 701 748 795 842 889 936 983 1030 1077 1124 1171 1218 1265 1312 1359 1406 1453 1500 1547 1594 1641 1688 1735 1782 1829 1876 1923 1970 2017 2064 2111 2158 2205 
44 91 138 185 232 279 326 373 420 467 514 561 608 655 702 749 796 843 890 937 984 1031 1078 1125 1172 1219 1266 1313 1360 1407 1454 1501 1548 1595 1642 1689 1736 1783 1830 1877 1924 1971 2018 2065 2112 2159 2206 
45 92 139 186 233 280 327 374 421 468 515 562 609 656 703 750 797 844 891 938 985 1032 1079 1126 1173 1220 1267 1314 1361 1408 1455 1502 1549 1596 1643 1690 1737 1784 1831 1878 1925 1972 2019 2066 2113 2160 2207 
46 93 140 187 234 281 328 375 422 469 516 563 610 657 704 751 798 845 892 939 986 1033 1080 1127 1174 1221 1268 1315 1362 1409 1456 1503 1550 1597 1644 1691 1738 1785 1832 1879 1926 1973 2020 2067 2114 2161 2208 
0 48 96 144 192 240 288 336 384 432 480 528 576 624 672 720 768 816 864 912 960 1008 1056 1104 1152 1200 1248 1296 1344 1392 1440 1488 1536 1584 1632 1680 1728 1776 1824 1872 1920 1968 2016 2064 2112 2160 2208 
1 49 97 145 193 241 289 337 385 433 481 529 577 625 673 721 769 817 865 913 961 1009 1057 1105 1153 1201 1249 1297 1345 1393 1441 1489 1537 1585 1633 1681 1729 1777 1825 1873 1921 1969 2017 2065 2113 2161 2162 
2 50 98 146 194 242 290 338 386 434 482 530 578 626 674 722 770 818 866 914 962 1010 1058 1106 1154 1202 1250 1298 1346 1394 1442 1490 1538 1586 1634 1682 1730 1778 1826 1874 1922 1970 2018 2066 2114 2115 2163 
3 51 99 147 195 243 291 339 387 435 483 531 579 627 675 723 771 819 867 915 963 1011 1059 1107 1155 1203 1251 1299 1347 1395 1443 1491 1539 1587 1635 1683 1731 1779 1827 1875 1923 1971 2019 2067 2068 2116 2164 
4 52 100 148 196 244 292 340 388 436 484 532 580 628 676 724 772 820 868 916 964 1012 1060 1108 1156 1204 1252 1300 1348 1396 1444 1492 1540 1588 1636 1684 1732 1780 1828 1876 1924 1972 2020 2021 2069 2117 2165 
5 53 101 149 197 245 293 341 389 437 485 533 581 629 677 725 773 821 869 917 965 1013 1061 1109 1157 1205 1253 1301 1349 1397 1445 1493 1541 1589 1637 1685 1733 1781 1829 1877 1925 1973 1974 2022 2070 2118 2166 
6 54 102 150 198 246 294 342 390 438 486 534 582 630 678 726 774 822 870 918 966 1014 1062 1110 1158 1206 1254 1302 1350 1398 1446 1494 1542 1590 1638 1686 1734 1782 1830 1878 1926 1927 1975 2023 2071 2119 2167 
7 55 103 151 199 247 295 343 391 439 487 535 583 631 679 727 775 823 871 919 967 1015 1063 1111 1159 1207 1255 1303 1351 1399 1447 1495 1543 1591 1639 1687 1735 1783 1831 1879 1880 1928 1976 2024 2072 2120 2168 
8 56 104 152 200 248 296 344 392 440 488 536 584 632 680 728 776 824 872 920 968 1016 1064 1112 1160 1208 1256 1304 1352 1400 1448 1496 1544 1592 1640 1688 1736 1784 1832 1833 1881 1929 1977 2025 2073 2121 2169 
9 57 105 153 201 249 297 345 393 441 489 537 585 633 681 729 777 825 873 921 969 1017 1065 1113 1161 1209 1257 1305 1353 1401 1449 1497 1545 1593 1641 1689 1737 1785 1786 1834 1882 1930 1978 2026 2074 2122 2170 
10 58 106 154 202 250 298 346 394 442 490 538 586 634 682 730 778 826 874 922 970 1018 1066 1114 1162 1210 1258 1306 1354 1402 1450 1498 1546 1594 1642 1690 1738 1739 1787 1835 1883 1931 1979 2027 2075 2123 2171 
11 59 107 155 203 251 299 347 395 443 491 539 587 635 683 731 779 827 875 923 971 1019 1067 1115 1163 1211 1259 1307 1355 1403 1451 1499 1547 1595 1643 1691 1692 1740 1788 1836 1884 1932 1980 2028 2076 2124 2172 
12 60 108 156 204 252 300 348 396 444 492 540 588 636 684 732 780 828 876 924 972 1020 1068 1116 1164 1212 1260 1308 1356 1404 1452 1500 1548 1596 1644 1645 1693 1741 1789 1837 1885 1933 1981 2029 2077 2125 2173 
13 61 109 157 205 253 301 349 397 445 493 541 589 637 685 733 781 829 877 925 973 1021 1069 1117 1165 1213 1261 1309 1357 1405 1453 1501 1549 1597 1598 1646 1694 1742 1790 1838 1886 1934 1982 2030 2078 2126 2174 
14 62 110 158 206 254 302 350 398 446 494 542 590 638 686 734 782 830 878 926 974 1022 1070 1118 1166 1214 1262 1310 1358 1406 1454 1502 1550 1551 1599 1647 1695 1743 1791 1839 1887 1935 1983 2031 2079 2127 2175 
15 63 111 159 207 255 303 351 399 447 495 543 591 639 687 735 783 831 879 927 975 1023 1071 1119 1167 1215 1263 1311 1359 1407 1455 1503 1504 1552 1600 1648 1696 1744 1792 1840 1888 1936 1984 2032 2080 2128 2176 
16 64 112 160 208 256 304 352 400 448 496 544 592 640 688 736 784 832 880 928 976 1024 1072 1120 1168 1216 1264 1312 1360 1408 1456 1457 1505 1553 1601 1649 1697 1745 1793 1841 1889 1937 1985 2033 2081 2129 2177 
17 65 113 161 209 257 305 353 401 449 497 545 593 641 689 737 785 833 881 929 977 1025 1073 1121 1169 1217 1265 1313 1361 1409 1410 1458 1506 1554 1602 1650 1698 1746 1794 1842 1890 1938 1986 2034 2082 2130 2178 
18 66 114 162 210 258 306 354 402 450 498 546 594 642 690 738 786 834 882 930 978 1026 1074 1122 1170 1218 1266 1314 1362 1363 1411 1459 1507 1555 1603 1651 1699 1747 1795 1843 1891 1939 1987 2035 2083 2131 2179 
19 67 115 163 211 259 307 355 403 451 499 547 595 643 691 739 787 835 883 931 979 1027 1075 1123 1171 1219 1267 1315 1316 1364 1412 1460 1508 1556 1604 1652 1700 1748 1796 1844 1892 1940 1988 2036 2084 2132 2180 
20 68 116 164 212 260 308 356 404 452 500 548 596 644 692 740 788 836 884 932 980 1028 1076 1124 1172 1220 1268 1269 1317 1365 1413 1461 1509 1557 1605 1653 1701 1749 1797 1845 1893 1941 1989 2037 2085 2133 2181 
21 69 117 165 213 261 309 357 405 453 501 549 597 645 693 741 789 837 885 933 981 1029 1077 1125 1173 1221 1222 1270 1318 1366 1414 1462 1510 1558 1606 1654 1702 1750 1798 1846 1894 1942 1990 2038 2086 2134 2182 
22 70 118 166 214 262 310 358 406 454 502 550 598 646 694 742 790 838 886 934 982 1030 1078 1126 1174 1175 1223 1271 1319 1367 1415 1463 1511 1559 1607 1655 1703 1751 1799 1847 1895 1943 1991 2039 2087 2135 2183 
23 71 119 167 215 263 311 359 407 455 503 551 599 647 695 743 791 839 887 935 983 1031 1079 1127 1128 1176 1224 1272 1320 1368 1416 1464 1512 1560 1608 1656 1704 1752 1800 1848 1896 1944 1992 2040 2088 2136 2184 
24 72 120 168 216 264 312 360 408 456 504 552 600 648 696 744 792 840 888 936 984 1032 1080 1081 1129 1177 1225 1273 1321 1369 1417 1465 1513 1561 1609 1657 1705 1753 1801 1849 1897 1945 1993 2041 2089 2137 2185 
25 73 121 169 217 265 313 361 409 457 505 553 601 649 697 745 793 841 889 937 985 1033 1034 1082 1130 1178 1226 1274 1322 1370 1418 1466 1514 1562 1610 1658 1706 1754 1802 1850 1898 1946 1994 2042 2090 2138 2186 
26 74 122 170 218 266 314 362 410 458 506 554 602 650 698 746 794 842 890 938 986 987 1035 1083 1131 1179 1227 1275 1323 1371 1419 1467 1515 1563 1611 1659 1707 1755 1803 1851 1899 1947 1995 2043 2091 2139 2187 
27 75 123 171 219 267 315 363 411 459 507 555 603 651 699 747 795 843 891 939 940 988 1036 1084 1132 1180 1228 1276 1324 1372 1420 1468 1516 1564 1612 1660 1708 1756 1804 1852 1900 1948 1996 2044 2092 2140 2188 
28 76 124 172 220 268 316 364 412 460 508 556 604 652 700 748 796 844 892 893 941 989 1037 1085 1133 1181 1229 1277 1325 1373 1421 1469 1517 1565 1613 1661 1709 1757 1805 1853 1901 1949 1997 2045 2093 2141 2189 
29 77 125 173 221 269 317 365 413 461 509 557 605 653 701 749 797 845 846 894 942 990 1038 1086 1134 1182 1230 1278 1326 1374 1422 1470 1518 1566 1614 1662 1710 1758 1806 1854 1902 1950 1998 2046 2094 2142 2190 
30 78 126 174 222 270 318 366 414 462 510 558 606 654 702 750 798 799 847 895 943 991 1039 1087 1135 1183 1231 1279 1327 1375 1423 1471 1519 1567 1615 1663 1711 1759 1807 1855 1903 1951 1999 2047 2095 2143 2191 
31 79 127 175 223 271 319 367 415 463 511 559 607 655 703 751 752 800 848 896 944 992 1040 1088 1136 1184 1232 1280 1328 1376 1424 1472 1520 1568 1616 1664 1712 1760 1808 1856 1904 1952 2000 2048 2096 2144 2192 
32 80 128 176 224 272 320 368 416 464 512 560 608 656 704 705 753 801 849 897 945 993 1041 1089 1137 1185 1233 1281 1329 1377 1425 1473 1521 1569 1617 1665 1713 1761 1809 1857 1905 1953 2001 2049 2097 2145 2193 
33 81 129 177 225 273 321 369 417 465 513 561 609 657 658 706 754 802 850 898 946 994 1042 1090 1138 1186 1234 1282 1330 1378 1426 1474 1522 1570 1618 1666 1714 1762 1810 1858 1906 1954 2002 2050 2098 2146 2194 
34 82 130 178 226 274 322 370 418 466 514 562 610 611 659 707 755 803 851 899 947 995 1043 1091 1139 1187 1235 1283 1331 1379 1427 1475 1523 1571 1619 1667 1715 1763 1811 1859 1907 1955 2003 2051 2099 2147 2195 
35 83 131 179 227 275 323 371 419 467 515 563 564 612 660 708 756 804 852 900 948 996 1044 1092 1140 1188 1236 1284 1332 1380 1428 1476 1524 1572 1620 1668 1716 1764 1812 1860 1908 1956 2004 2052 2100 2148 2196 
36 84 132 180 228 276 324 372 420 468 516 517 565 613 661 709 757 805 853 901 949 997 1045 1093 1141 1189 1237 1285 1333 1381 1429 1477 1525 1573 1621 1669 1717 1765 1813 1861 1909 1957 2005 2053 2101 2149 2197 
37 85 133 181 229 277 325 373 421 469 470 518 566 614 662 710 758 806 854 902 950 998 1046 1094 1142 1190 1238 1286 1334 1382 1430 1478 1526 1574 1622 1670 1718 1766 1814 1862 1910 1958 2006 2054 2102 2150 2198 
38 86 134 182 230 278 326 374 422 423 471 519 567 615 663 711 759 807 855 903 951 999 1047 1095 1143 1191 1239 1287 1335 1383 1431 1479 1527 1575 1623 1671 1719 1767 1815 1863 1911 1959 2007 2055 2103 2151 2199 
39 87 135 183 231 279 327 375 376 424 472 520 568 616 664 712 760 808 856 904 952 1000 1048 1096 1144 1192 1240 1288 1336 1384 1432 1480 1528 1576 1624 1672 1720 1768 1816 1864 1912 1960 2008 2056 2104 2152 2200 
40 88 136 184 232 280 328 329 377 425 473 521 569 617 665 713 761 809 857 905 953 1001 1049 1097 1145 1193 1241 1289 1337 1385 1433 1481 1529 1577 1625 1673 1721 1769 1817 1865 1913 1961 2009 2057 2105 2153 2201 
41 89 137 185 233 281 282 330 378 426 474 522 570 618 666 714 762 810 858 906 954 1002 1050 1098 1146 1194 1242 1290 1338 1386 1434 1482 1530 1578 1626 1674 1722 1770 1818 1866 1914 1962 2010 2058 2106 2154 2202 
42 90 138 186 234 235 283 331 379 427 475 523 571 619 667 715 763 811 859 907 955 1003 1051 1099 1147 1195 1243 1291 1339 1387 1435 1483 1531 1579 1627 1675 1723 1771 1819 1867 1915 1963 2011 2059 2107 2155 2203 
43 91 139 187 188 236 284 332 380 428 476 524 572 620 668 716 764 812 860 908 956 1004 1052 1100 1148 1196 1244 1292 1340 1388 1436 1484 1532 1580 1628 1676 1724 1772 1820 1868 1916 1964 2012 2060 2108 2156 2204 
44 92 140 141 189 237 285 333 381 429 477 525 573 621 669 717 765 813 861 909 957 1005 1053 1101 1149 1197 1245 1293 1341 1389 1437 1485 1533 1581 1629 1677 1725 1773 1821 1869 1917 1965 2013 2061 2109 2157 2205 
45 93 94 142 190 238 286 334 382 430 478 526 574 622 670 718 766 814 862 910 958 1006 1054 1102 1150 1198 1246 1294 1342 1390 1438 1486 1534 1582 1630 1678 1726 1774 1822 1870 1918 1966 2014 2062 2110 2158 2206 
46 47 95 143 191 239 287 335 383 431 479 527 575 623 671 719 767 815 863 911 959 1007 1055 1103 1151 1199 1247 1295 1343 1391 1439 1487 1535 1583 1631 1679 1727 1775 1823 1871 1919 1967 2015 2063 2111 2159 2207 
0 49 98 147 196 245 294 343 392 441 490 539 588 637 686 735 784 833 882 931 980 1029 1078 1127 1129 1178 1227 1276 1325 1374 1423 1472 1521 1570 1619 1668 1717 1766 1815 1864 1913 1962 2011 2060 2109 2158 2207 
1 50 99 148 197 246 295 344 393 442 491 540 589 638 687 736 785 834 883 932 981 1030 1079 1081 1130 1179 1228 1277 1326 1375 1424 1473 1522 1571 1620 1669 1718 1767 1816 1865 1914 1963 2012 2061 2110 2159 2208 
2 51 100 149 198 247 296 345 394 443 492 541 590 639 688 737 786 835 884 933 982 1031 1080 1082 1131 1180 1229 1278 1327 1376 1425 1474 1523 1572 1621 1670 1719 1768 1817 1866 1915 1964 2013 2062 2111 2160 2162 
3 52 101 150 199 248 297 346 395 444 493 542 591 640 689 738 787 836 885 934 983 1032 1034 1083 1132 1181 1230 1279 1328 1377 1426 1475 1524 1573 1622 1671 1720 1769 1818 1867 1916 1965 2014 2063 2112 2161 2163 
4 53 102 151 200 249 298 347 396 445 494 543 592 641 690 739 788 837 886 935 984 1033 1035 1084 1133 1182 1231 1280 1329 1378 1427 1476 1525 1574 1623 1672 1721 1770 1819 1868 1917 1966 2015 2064 2113 2115 2164 
5 54 103 152 201 250 299 348 397 446 495 544 593 642 691 740 789 838 887 936 985 987 1036 1085 1134 1183 1232 1281 1330 1379 1428 1477 1526 1575 1624 1673 1722 1771 1820 1869 1918 1967 2016 2065 2114 2116 2165 
6 55 104 153 202 251 300 349 398 447 496 545 594 643 692 741 790 839 888 937 986 988 1037 1086 1135 1184 1233 1282 1331 1380 1429 1478 1527 1576 1625 1674 1723 1772 1821 1870 1919 1968 2017 2066 2068 2117 2166 
7 56 105 154 203 252 301 350 399 448 497 546 595 644 693 742 791 840 889 938 940 989 1038 1087 1136 1185 1234 1283 1332 1381 1430 1479 1528 1577 1626 1675 1724 1773 1822 1871 1920 1969 2018 2067 2069 2118 2167 
8 57 106 155 204 253 302 351 400 449 498 547 596 645 694 743 792 841 890 939 941 990 1039 1088 1137 1186 1235 1284 1333 1382 1431 1480 1529 1578 1627 1676 1725 1774 1823 1872 1921 1970 2019 2021 2070 2119 2168 
9 58 107 156 205 254 303 352 401 450 499 548 597 646 695 744 793 842 891 893 942 991 1040 1089 1138 1187 1236 1285 1334 1383 1432 1481 1530 1579 1628 1677 1726 1775 1824 1873 1922 1971 2020 2022 2071 2120 2169 
10 59 108 157 206 255 304 353 402 451 500 549 598 647 696 745 794 843 892 894 943 992 1041 1090 1139 1188 1237 1286 1335 1384 1433 1482 1531 1580 1629 1678 1727 1776 1825 1874 1923 1972 1974 2023 2072 2121 2170 
11 60 109 158 207 256 305 354 403 452 501 550 599 648 697 746 795 844 846 895 944 993 1042 1091 1140 1189 1238 1287 1336 1385 1434 1483 1532 1581 1630 1679 1728 1777 1826 1875 1924 1973 1975 2024 2073 2122 2171 
12 61 110 159 208 257 306 355 404 453 502 551 600 649 698 747 796 845 847 896 945 994 1043 1092 1141 1190 1239 1288 1337 1386 1435 1484 1533 1582 1631 1680 1729 1778 1827 1876 1925 1927 1976 2025 2074 2123 2172 
13 62 111 160 209 258 307 356 405 454 503 552 601 650 699 748 797 799 848 897 946 995 1044 1093 1142 1191 1240 1289 1338 1387 1436 1485 1534 1583 1632 1681 1730 1779 1828 1877 1926 1928 1977 2026 2075 2124 2173 
14 63 112 161 210 259 308 357 406 455 504 553 602 651 700 749 798 800 849 898 947 996 1045 1094 1143 1192 1241 1290 1339 1388 1437 1486 1535 1584 1633 1682 1731 1780 1829 1878 1880 1929 1978 2027 2076 2125 2174 
15 64 113 162 211 260 309 358 407 456 505 554 603 652 701 750 752 801 850 899 948 997 1046 1095 1144 1193 1242 1291 1340 1389 1438 1487 1536 1585 1634 1683 1732 1781 1830 1879 1881 1930 1979 2028 2077 2126 2175 
16 65 114 163 212 261 310 359 408 457 506 555 604 653 702 751 753 802 851 900 949 998 1047 1096 1145 1194 1243 1292 1341 1390 1439 1488 1537 1586 1635 1684 1733 1782 1831 1833 1882 1931 1980 2029 2078 2127 2176 
17 66 115 164 213 262 311 360 409 458 507 556 605 654 703 705 754 803 852 901 950 999 1048 1097 1146 1195 1244 1293 1342 1391 1440 1489 1538 1587 1636 1685 1734 1783 1832 1834 1883 1932 1981 2030 2079 2128 2177 
18 67 116 165 214 263 312 361 410 459 508 557 606 655 704 706 755 804 853 902 951 1000 1049 1098 1147 1196 1245 1294 1343 1392 1441 1490 1539 1588 1637 1686 1735 1784 1786 1835 1884 1933 1982 2031 2080 2129 2178 
19 68 117 166 215 264 313 362 411 460 509 558 607 656 658 707 756 805 854 903 952 1001 1050 1099 1148 1197 1246 1295 1344 1393 1442 1491 1540 1589 1638 1687 1736 1785 1787 1836 1885 1934 1983 2032 2081 2130 2179 
20 69 118 167 216 265 314 363 412 461 510 559 608 657 659 708 757 806 855 904 953 1002 1051 1100 1149 1198 1247 1296 1345 1394 1443 1492 1541 1590 1639 1688 1737 1739 1788 1837 1886 1935 1984 2033 2082 2131 2180 
21 70 119 168 217 266 315 364 413 462 511 560 609 611 660 709 758 807 856 905 954 1003 1052 1101 1150 1199 1248 1297 1346 1395 1444 1493 1542 1591 1640 1689 1738 1740 1789 1838 1887 1936 1985 2034 2083 2132 2181 
22 71 120 169 218 267 316 365 414 463 512 561 610 612 661 710 759 808 857 906 955 1004 1053 1102 1151 1200 1249 1298 1347 1396 1445 1494 1543 1592 1641 1690 1692 1741 1790 1839 1888 1937 1986 2035 2084 2133 2182 
23 72 121 170 219 268 317 366 415 464 513 562 564 613 662 711 760 809 858 907 956 1005 1054 1103 1152 1201 1250 1299 1348 1397 1446 1495 1544 1593 1642 1691 1693 1742 1791 1840 1889 1938 1987 2036 2085 2134 2183 
24 73 122 171 220 269 318 367 416 465 514 563 565 614 663 712 761 810 859 908 957 1006 1055 1104 1153 1202 1251 1300 1349 1398 1447 1496 1545 1594 1643 1645 1694 1743 1792 1841 1890 1939 1988 2037 2086 2135 2184 
25 74 123 172 221 270 319 368 417 466 515 517 566 615 664 713 762 811 860 909 958 1007 1056 1105 1154 1203 1252 1301 1350 1399 1448 1497 1546 1595 1644 1646 1695 1744 1793 1842 1891 1940 1989 2038 2087 2136 2185 
26 75 124 173 222 271 320 369 418 467 516 518 567 616 665 714 763 812 861 910 959 1008 1057 1106 1155 1204 1253 1302 1351 1400 1449 1498 1547 1596 1598 1647 1696 1745 1794 1843 1892 1941 1990 2039 2088 2137 2186 
27 76 125 174 223 272 321 370 419 468 470 519 568 617 666 715 764 813 862 911 960 1009 1058 1107 1156 1205 1254 1303 1352 1401 1450 1499 1548 1597 1599 1648 1697 1746 1795 1844 1893 1942 1991 2040 2089 2138 2187 
28 77 126 175 224 273 322 371 420 469 471 520 569 618 667 716 765 814 863 912 961 1010 1059 1108 1157 1206 1255 1304 1353 1402 1451 1500 1549 1551 1600 1649 1698 1747 1796 1845 1894 1943 1992 2041 2090 2139 2188 
29 78 127 176 225 274 323 372 421 423 472 521 570 619 668 717 766 815 864 913 962 1011 1060 1109 1158 1207 1256 1305 1354 1403 1452 1501 1550 1552 1601 1650 1699 1748 1797 1846 1895 1944 1993 2042 2091 2140 2189 
30 79 128 177 226 275 324 373 422 424 473 522 571 620 669 718 767 816 865 914 963 1012 1061 1110 1159 1208 1257 1306 1355 1404 1453 1502 1504 1553 1602 1651 1700 1749 1798 1847 1896 1945 1994 2043 2092 2141 2190 
31 80 129 178 227 276 325 374 376 425 474 523 572 621 670 719 768 817 866 915 964 1013 1062 1111 1160 1209 1258 1307 1356 1405 1454 1503 1505 1554 1603 1652 1701 1750 1799 1848 1897 1946 1995 2044 2093 2142 2191 
32 81 130 179 228 277 326 375 377 426 475 524 573 622 671 720 769 818 867 916 965 1014 1063 1112 1161 1210 1259 1308 1357 1406 1455 1457 1506 1555 1604 1653 1702 1751 1800 1849 1898 1947 1996 2045 2094 2143 2192 
33 82 131 180 229 278 327 329 378 427 476 525 574 623 672 721 770 819 868 917 966 1015 1064 1113 1162 1211 1260 1309 1358 1407 1456 1458 1507 1556 1605 1654 1703 1752 1801 1850 1899 1948 1997 2046 2095 2144 2193 
34 83 132 181 230 279 328 330 379 428 477 526 575 624 673 722 771 820 869 918 967 1016 1065 1114 1163 1212 1261 1310 1359 1408 1410 1459 1508 1557 1606 1655 1704 1753 1802 1851 1900 1949 1998 2047 2096 2145 2194 
35 84 133 182 231 280 282 331 380 429 478 527 576 625 674 723 772 821 870 919 968 1017 1066 1115 1164 1213 1262 1311 1360 1409 1411 1460 1509 1558 1607 1656 1705 1754 1803 1852 1901 1950 1999 2048 2097 2146 2195 
36 85 134 183 232 281 283 332 381 430 479 528 577 626 675 724 773 822 871 920 969 1018 1067 1116 1165 1214 1263 1312 1361 1363 1412 1461 1510 1559 1608 1657 1706 1755 1804 1853 1902 1951 2000 2049 2098 2147 2196 
37 86 135 184 233 235 284 333 382 431 480 529 578 627 676 725 774 823 872 921 970 1019 1068 1117 1166 1215 1264 1313 1362 1364 1413 1462 1511 1560 1609 1658 1707 1756 1805 1854 1903 1952 2001 2050 2099 2148 2197 
38 87 136 185 234 236 285 334 383 432 481 530 579 628 677 726 775 824 873 922 971 1020 1069 1118 1167 1216 1265 1314 1316 1365 1414 1463 1512 1561 1610 1659 1708 1757 1806 1855 1904 1953 2002 2051 2100 2149 2198 
39 88 137 186 188 237 286 335 384 433 482 531 580 629 678 727 776 825 874 923 972 1021 1070 1119 1168 1217 1266 1315 1317 1366 1415 1464 1513 1562 1611 1660 1709 1758 1807 1856 1905 1954 2003 2052 2101 2150 2199 
40 89 138 187 189 238 287 336 385 434 483 532 581 630 679 728 777 826 875 924 973 1022 1071 1120 1169 1218 1267 1269 1318 1367 1416 1465 1514 1563 1612 1661 1710 1759 1808 1857 1906 1955 2004 2053 2102 2151 2200 
41 90 139 141 190 239 288 337 386 435 484 533 582 631 680 729 778 827 876 925 974 1023 1072 1121 1170 1219 1268 1270 1319 1368 1417 1466 1515 1564 1613 1662 1711 1760 1809 1858 1907 1956 2005 2054 2103 2152 2201 
42 91 140 142 191 240 289 338 387 436 485 534 583 632 681 730 779 828 877 926 975 1024 1073 1122 1171 1220 1222 1271 1320 1369 1418 1467 1516 1565 1614 1663 1712 1761 1810 1859 1908 1957 2006 2055 2104 2153 2202 
43 92 94 143 192 241 290 339 388 437 486 535 584 633 682 731 780 829 878 927 976 1025 1074 1123 1172 1221 1223 1272 1321 1370 1419 1468 1517 1566 1615 1664 1713 1762 1811 1860 1909 1958 2007 2056 2105 2154 2203 
44 93 95 144 193 242 291 340 389 438 487 536 585 634 683 732 781 830 879 928 977 1026 1075 1124 1173 1175 1224 1273 1322 1371 1420 1469 1518 1567 1616 1665 1714 1763 1812 1861 1910 1959 2008 2057 2106 2155 2204 
45 47 96 145 194 243 292 341 390 439 488 537 586 635 684 733 782 831 880 929 978 1027 1076 1125 1174 1176 1225 1274 1323 1372 1421 1470 1519 1568 1617 1666 1715 1764 1813 1862 1911 1960 2009 2058 2107 2156 2205 
46 48 97 146 195 244 293 342 391 440 489 538 587 636 685 734 783 832 881 930 979 1028 1077 1126 1128 1177 1226 1275 1324 1373 1422 1471 1520 1569 1618 1667 1716 1765 1814 1863 1912 1961 2010 2059 2108 2157 2206 
0 50 100 150 200 250 300 350 400 450 500 550 600 650 700 750 753 803 853 903 953 1003 1053 1103 1153 1203 1253 1303 1353 1403 1453 1503 1506 1556 1606 1656 1706 1756 1806 1856 1906 1956 2006 2056 2106 2156 2206 
1 51 101 151 201 251 301 351 401 451 501 551 601 651 701 751 754 804 854 904 954 1004 1054 1104 1154 1204 1254 1304 1354 1404 1454 1457 1507 1557 1607 1657 1707 1757 1807 1857 1907 1957 2007 2057 2107 2157 2207 
2 52 102 152 202 252 302 352 402 452 502 552 602 652 702 705 755 805 855 905 955 1005 1055 1105 1155 1205 1255 1305 1355 1405 1455 1458 1508 1558 1608 1658 1708 1758 1808 1858 1908 1958 2008 2058 2108 2158 2208 
3 53 103 153 203 253 303 353 403 453 503 553 603 653 703 706 756 806 856 906 956 1006 1056 1106 1156 1206 1256 1306 1356 1406 1456 1459 1509 1559 1609 1659 1709 1759 1809 1859 1909 1959 2009 2059 2109 2159 2162 
4 54 104 154 204 254 304 354 404 454 504 554 604 654 704 707 757 807 857 907 957 1007 1057 1107 1157 1207 1257 1307 1357 1407 1410 1460 1510 1560 1610 1660 1710 1760 1810 1860 1910 1960 2010 2060 2110 2160 2163 
5 55 105 155 205 255 305 355 405 455 505 555 605 655 658 708 758 808 858 908 958 1008 1058 1108 1158 1208 1258 1308 1358 1408 1411 1461 1511 1561 1611 1661 1711 1761 1811 1861 1911 1961 2011 2061 2111 2161 2164 
6 56 106 156 206 256 306 356 406 456 506 556 606 656 659 709 759 809 859 909 959 1009 1059 1109 1159 1209 1259 1309 1359 1409 1412 1462 1512 1562 1612 1662 1712 1762 1812 1862 1912 1962 2012 2062 2112 2115 2165 
7 57 107 157 207 257 307 357 407 457 507 557 607 657 660 710 760 810 860 910 960 1010 1060 1110 1160 1210 1260 1310 1360 1363 1413 1463 1513 1563 1613 1663 1713 1763 1813 1863 1913 1963 2013 2063 2113 2116 2166 
8 58 108 158 208 258 308 358 408 458 508 558 608 611 661 711 761 811 861 911 961 1011 1061 1111 1161 1211 1261 1311 1361 1364 1414 1464 1514 1564 1614 1664 1714 1764 1814 1864 1914 1964 2014 2064 2114 2117 2167 
9 59 109 159 209 259 309 359 409 459 509 559 609 612 662 712 762 812 862 912 962 1012 1062 1112 1162 1212 1262 1312 1362 1365 1415 1465 1515 1565 1615 1665 1715 1765 1815 1865 1915 1965 2015 2065 2068 2118 2168 
10 60 110 160 210 260 310 360 410 460 510 560 610 613 663 713 763 813 863 913 963 1013 1063 1113 1163 1213 1263 1313 1316 1366 1416 1466 1516 1566 1616 1666 1716 1766 1816 1866 1916 1966 2016 2066 2069 2119 2169 
11 61 111 161 211 261 311 361 411 461 511 561 564 614 664 714 764 814 864 914 964 1014 1064 1114 1164 1214 1264 1314 1317 1367 1417 1467 1517 1567 1617 1667 1717 1767 1817 1867 1917 1967 2017 2067 2070 2120 2170 
12 62 112 162 212 262 312 362 412 462 512 562 565 615 665 715 765 815 865 915 965 1015 1065 1115 1165 1215 1265 1315 1318 1368 1418 1468 1518 1568 1618 1668 1718 1768 1818 1868 1918 1968 2018 2021 2071 2121 2171 
13 63 113 163 213 263 313 363 413 463 513 563 566 616 666 716 766 816 866 916 966 1016 1066 1116 1166 1216 1266 1269 1319 1369 1419 1469 1519 1569 1619 1669 1719 1769 1819 1869 1919 1969 2019 2022 2072 2122 2172 
14 64 114 164 214 264 314 364 414 464 514 517 567 617 667 717 767 817 867 917 967 1017 1067 1117 1167 1217 1267 1270 1320 1370 1420 1470 1520 1570 1620 1670 1720 1770 1820 1870 1920 1970 2020 2023 2073 2123 2173 
15 65 115 165 215 265 315 365 415 465 515 518 568 618 668 718 768 818 868 918 968 1018 1068 1118 1168 1218 1268 1271 1321 1371 1421 1471 1521 1571 1621 1671 1721 1771 1821 1871 1921 1971 1974 2024 2074 2124 2174 
16 66 116 166 216 266 316 366 416 466 516 519 569 619 669 719 769 819 869 919 969 1019 1069 1119 1169 1219 1222 1272 1322 1372 1422 1472 1522 1572 1622 1672 1722 1772 1822 1872 1922 1972 1975 2025 2075 2125 2175 
17 67 117 167 217 267 317 367 417 467 470 520 570 620 670 720 770 820 870 920 970 1020 1070 1120 1170 1220 1223 1273 1323 1373 1423 1473 1523 1573 1623 1673 1723 1773 1823 1873 1923 1973 1976 2026 2076 2126 2176 
18 68 118 168 218 268 318 368 418 468 471 521 571 621 671 721 771 821 871 921 971 1021 1071 1121 1171 1221 1224 1274 1324 1374 1424 1474 1524 1574 1624 1674 1724 1774 1824 1874 1924 1927 1977 2027 2077 2127 2177 
19 69 119 169 219 269 319 369 419 469 472 522 572 622 672 722 772 822 872 922 972 1022 1072 1122 1172 1175 1225 1275 1325 1375 1425 1475 1525 1575 1625 1675 1725 1775 1825 1875 1925 1928 1978 2028 2078 2128 2178 
20 70 120 170 220 270 320 370 420 423 473 523 573 623 673 723 773 823 873 923 973 1023 1073 1123 1173 1176 1226 1276 1326 1376 1426 1476 1526 1576 1626 1676 1726 1776 1826 1876 1926 1929 1979 2029 2079 2129 2179 
21 71 121 171 221 271 321 371 421 424 474 524 574 624 674 724 774 824 874 924 974 1024 1074 1124 1174 1177 1227 1277 1327 1377 1427 1477 1527 1577 1627 1677 1727 1777 1827 1877 1880 1930 1980 2030 2080 2130 2180 
22 72 122 172 222 272 322 372 422 425 475 525 575 625 675 725 775 825 875 925 975 1025 1075 1125 1128 1178 1228 1278 1328 1378 1428 1478 1528 1578 1628 1678 1728 1778 1828 1878 1881 1931 1981 2031 2081 2131 2181 
23 73 123 173 223 273 323 373 376 426 476 526 576 626 676 726 776 826 876 926 976 1026 1076 1126 1129 1179 1229 1279 1329 1379 1429 1479 1529 1579 1629 1679 1729 1779 1829 1879 1882 1932 1982 2032 2082 2132 2182 
24 74 124 174 224 274 324 374 377 427 477 527 577 627 677 727 777 827 877 927 977 1027 1077 1127 1130 1180 1230 1280 1330 1380 1430 1480 1530 1580 1630 1680 1730 1780 1830 1833 1883 1933 1983 2033 2083 2133 2183 
25 75 125 175 225 275 325 375 378 428 478 528 578 628 678 728 778 828 878 928 978 1028 1078 1081 1131 1181 1231 1281 1331 1381 1431 1481 1531 1581 1631 1681 1731 1781 1831 1834 1884 1934 1984 2034 2084 2134 2184 
26 76 126 176 226 276 326 329 379 429 479 529 579 629 679 729 779 829 879 929 979 1029 1079 1082 1132 1182 1232 1282 1332 1382 1432 1482 1532 1582 1632 1682 1732 1782 1832 1835 1885 1935 1985 2035 2085 2135 2185 
27 77 127 177 227 277 327 330 380 430 480 530 580 630 680 730 780 830 880 930 980 1030 1080 1083 1133 1183 1233 1283 1333 1383 1433 1483 1533 1583 1633 1683 1733 1783 1786 1836 1886 1936 1986 2036 2086 2136 2186 
28 78 128 178 228 278 328 331 381 431 481 531 581 631 681 731 781 831 881 931 981 1031 1034 1084 1134 1184 1234 1284 1334 1384 1434 1484 1534 1584 1634 1684 1734 1784 1787 1837 1887 1937 1987 2037 2087 2137 2187 
29 79 129 179 229 279 282 332 382 432 482 532 582 632 682 732 782 832 882 932 982 1032 1035 1085 1135 1185 1235 1285 1335 1385 1435 1485 1535 1585 1635 1685 1735 1785 1788 1838 1888 1938 1988 2038 2088 2138 2188 
30 80 130 180 230 280 283 333 383 433 483 533 583 633 683 733 783 833 883 933 983 1033 1036 1086 1136 1186 1236 1286 1336 1386 1436 1486 1536 1586 1636 1686 1736 1739 1789 1839 1889 1939 1989 2039 2089 2139 2189 
31 81 131 181 231 281 284 334 384 434 484 534 584 634 684 734 784 834 884 934 984 987 1037 1087 1137 1187 1237 1287 1337 1387 1437 1487 1537 1587 1637 1687 1737 1740 1790 1840 1890 1940 1990 2040 2090 2140 2190 
32 82 132 182 232 235 285 335 385 435 485 535 585 635 685 735 785 835 885 935 985 988 1038 1088 1138 1188 1238 1288 1338 1388 1438 1488 1538 1588 1638 1688 1738 1741 1791 1841 1891 1941 1991 2041 2091 2141 2191 
33 83 133 183 233 236 286 336 386 436 486 536 586 636 686 736 786 836 886 936 986 989 1039 1089 1139 1189 1239 1289 1339 1389 1439 1489 1539 1589 1639 1689 1692 1742 1792 1842 1892 1942 1992 2042 2092 2142 2192 
34 84 134 184 234 237 287 337 387 437 487 537 587 637 687 737 787 837 887 937 940 990 1040 1090 1140 1190 1240 1290 1340 1390 1440 1490 1540 1590 1640 1690 1693 1743 1793 1843 1893 1943 1993 2043 2093 2143 2193 
35 85 135 185 188 238 288 338 388 438 488 538 588 638 688 738 788 838 888 938 941 991 1041 1091 1141 1191 1241 1291 1341 1391 1441 1491 1541 1591 1641 1691 1694 1744 1794 1844 1894 1944 1994 2044 2094 2144 2194 
36 86 136 186 189 239 289 339 389 439 489 539 589 639 689 739 789 839 889 939 942 992 1042 1092 1142 1192 1242 1292 1342 1392 1442 1492 1542 1592 1642 1645 1695 1745 1795 1845 1895 1945 1995 2045 2095 2145 2195 
37 87 137 187 190 240 290 340 390 440 490 540 590 640 690 740 790 840 890 893 943 993 1043 1093 1143 1193 1243 1293 1343 1393 1443 1493 1543 1593 1643 1646 1696 1746 1796 1846 1896 1946 1996 2046 2096 2146 2196 
38 88 138 141 191 241 291 341 391 441 491 541 591 641 691 741 791 841 891 894 944 994 1044 1094 1144 1194 1244 1294 1344 1394 1444 1494 1544 1594 1644 1647 1697 1747 1797 1847 1897 1947 1997 2047 2097 2147 2197 
39 89 139 142 192 242 292 342 392 442 492 542 592 642 692 742 792 842 892 895 945 995 1045 1095 1145 1195 1245 1295 1345 1395 1445 1495 1545 1595 1598 1648 1698 1748 1798 1848 1898 1948 1998 2048 2098 2148 2198 
40 90 140 143 193 243 293 343 393 443 493 543 593 643 693 743 793 843 846 896 946 996 1046 1096 1146 1196 1246 1296 1346 1396 1446 1496 1546 1596 1599 1649 1699 1749 1799 1849 1899 1949 1999 2049 2099 2149 2199 
41 91 94 144 194 244 294 344 394 444 494 544 594 644 694 744 794 844 847 897 947 997 1047 1097 1147 1197 1247 1297 1347 1397 1447 1497 1547 1597 1600 1650 1700 1750 1800 1850 1900 1950 2000 2050 2100 2150 2200 
42 92 95 145 195 245 295 345 395 445 495 545 595 645 695 745 795 845 848 898 948 998 1048 1098 1148 1198 1248 1298 1348 1398 1448 1498 1548 1551 1601 1651 1701 1751 1801 1851 1901 1951 2001 2051 2101 2151 2201 
43 93 96 146 196 246 296 346 396 446 496 546 596 646 696 746 796 799 849 899 949 999 1049 1099 1149 1199 1249 1299 1349 1399 1449 1499 1549 1552 1602 1652 1702 1752 1802 1852 1902 1952 2002 2052 2102 2152 2202 
44 47 97 147 197 247 297 347 397 447 497 547 597 647 697 747 797 800 850 900 950 1000 1050 1100 1150 1200 1250 1300 1350 1400 1450 1500 1550 1553 1603 1653 1703 1753 1803 1853 1903 1953 2003 2053 2103 2153 2203 
45 48 98 148 198 248 298 348 398 448 498 548 598 648 698 748 798 801 851 901 951 1001 1051 1101 1151 1201 1251 1301 1351 1401 1451 1501 1504 1554 1604 1654 1704 1754 1804 1854 1904 1954 2004 2054 2104 2154 2204 
46 49 99 149 199 249 299 349 399 449 499 549 599 649 699 749 752 802 852 902 952 1002 1052 1102 1152 1202 1252 1302 1352 1402 1452 1502 1505 1555 1605 1655 1705 1755 1805 1855 1905 1955 2005 2055 2105 2155 2205 
0 51 102 153 204 255 306 357 408 459 510 561 565 616 667 718 769 820 871 922 973 1024 1075 1126 1130 1181 1232 1283 1334 1385 1436 1487 1538 1589 1640 1691 1695 1746 1797 1848 1899 1950 2001 2052 2103 2154 2205 
1 52 103 154 205 256 307 358 409 460 511 562 566 617 668 719 770 821 872 923 974 1025 1076 1127 1131 1182 1233 1284 1335 1386 1437 1488 1539 1590 1641 1645 1696 1747 1798 1849 1900 1951 2002 2053 2104 2155 2206 
2 53 104 155 206 257 308 359 410 461 512 563 567 618 669 720 771 822 873 924 975 1026 1077 1081 1132 1183 1234 1285 1336 1387 1438 1489 1540 1591 1642 1646 1697 1748 1799 1850 1901 1952 2003 2054 2105 2156 2207 
3 54 105 156 207 258 309 360 411 462 513 517 568 619 670 721 772 823 874 925 976 1027 1078 1082 1133 1184 1235 1286 1337 1388 1439 1490 1541 1592 1643 1647 1698 1749 1800 1851 1902 1953 2004 2055 2106 2157 2208 
4 55 106 157 208 259 310 361 412 463 514 518 569 620 671 722 773 824 875 926 977 1028 1079 1083 1134 1185 1236 1287 1338 1389 1440 1491 1542 1593 1644 1648 1699 1750 1801 1852 1903 1954 2005 2056 2107 2158 2162 
5 56 107 158 209 260 311 362 413 464 515 519 570 621 672 723 774 825 876 927 978 1029 1080 1084 1135 1186 1237 1288 1339 1390 1441 1492 1543 1594 1598 1649 1700 1751 1802 1853 1904 1955 2006 2057 2108 2159 2163 
6 57 108 159 210 261 312 363 414 465 516 520 571 622 673 724 775 826 877 928 979 1030 1034 1085 1136 1187 1238 1289 1340 1391 1442 1493 1544 1595 1599 1650 1701 1752 1803 1854 1905 1956 2007 2058 2109 2160 2164 
7 58 109 160 211 262 313 364 415 466 470 521 572 623 674 725 776 827 878 929 980 1031 1035 1086 1137 1188 1239 1290 1341 1392 1443 1494 1545 1596 1600 1651 1702 1753 1804 1855 1906 1957 2008 2059 2110 2161 2165 
8 59 110 161 212 263 314 365 416 467 471 522 573 624 675 726 777 828 879 930 981 1032 1036 1087 1138 1189 1240 1291 1342 1393 1444 1495 1546 1597 1601 1652 1703 1754 1805 1856 1907 1958 2009 2060 2111 2115 2166 
9 60 111 162 213 264 315 366 417 468 472 523 574 625 676 727 778 829 880 931 982 1033 1037 1088 1139 1190 1241 1292 1343 1394 1445 1496 1547 1551 1602 1653 1704 1755 1806 1857 1908 1959 2010 2061 2112 2116 2167 
10 61 112 163 214 265 316 367 418 469 473 524 575 626 677 728 779 830 881 932 983 987 1038 1089 1140 1191 1242 1293 1344 1395 1446 1497 1548 1552 1603 1654 1705 1756 1807 1858 1909 1960 2011 2062 2113 2117 2168 
11 62 113 164 215 266 317 368 419 423 474 525 576 627 678 729 780 831 882 933 984 988 1039 1090 1141 1192 1243 1294 1345 1396 1447 1498 1549 1553 1604 1655 1706 1757 1808 1859 1910 1961 2012 2063 2114 2118 2169 
12 63 114 165 216 267 318 369 420 424 475 526 577 628 679 730 781 832 883 934 985 989 1040 1091 1142 1193 1244 1295 1346 1397 1448 1499 1550 1554 1605 1656 1707 1758 1809 1860 1911 1962 2013 2064 2068 2119 2170 
13 64 115 166 217 268 319 370 421 425 476 527 578 629 680 731 782 833 884 935 986 990 1041 1092 1143 1194 1245 1296 1347 1398 1449 1500 1504 1555 1606 1657 1708 1759 1810 1861 1912 1963 2014 2065 2069 2120 2171 
14 65 116 167 218 269 320 371 422 426 477 528 579 630 681 732 783 834 885 936 940 991 1042 1093 1144 1195 1246 1297 1348 1399 1450 1501 1505 1556 1607 1658 1709 1760 1811 1862 1913 1964 2015 2066 2070 2121 2172 
15 66 117 168 219 270 321 372 376 427 478 529 580 631 682 733 784 835 886 937 941 992 1043 1094 1145 1196 1247 1298 1349 1400 1451 1502 1506 1557 1608 1659 1710 1761 1812 1863 1914 1965 2016 2067 2071 2122 2173 
16 67 118 169 220 271 322 373 377 428 479 530 581 632 683 734 785 836 887 938 942 993 1044 1095 1146 1197 1248 1299 1350 1401 1452 1503 1507 1558 1609 1660 1711 1762 1813 1864 1915 1966 2017 2021 2072 2123 2174 
17 68 119 170 221 272 323 374 378 429 480 531 582 633 684 735 786 837 888 939 943 994 1045 1096 1147 1198 1249 1300 1351 1402 1453 1457 1508 1559 1610 1661 1712 1763 1814 1865 1916 1967 2018 2022 2073 2124 2175 
18 69 120 171 222 273 324 375 379 430 481 532 583 634 685 736 787 838 889 893 944 995 1046 1097 1148 1199 1250 1301 1352 1403 1454 1458 1509 1560 1611 1662 1713 1764 1815 1866 1917 1968 2019 2023 2074 2125 2176 
19 70 121 172 223 274 325 329 380 431 482 533 584 635 686 737 788 839 890 894 945 996 1047 1098 1149 1200 1251 1302 1353 1404 1455 1459 1510 1561 1612 1663 1714 1765 1816 1867 1918 1969 2020 2024 2075 2126 2177 
20 71 122 173 224 275 326 330 381 432 483 534 585 636 687 738 789 840 891 895 946 997 1048 1099 1150 1201 1252 1303 1354 1405 1456 1460 1511 1562 1613 1664 1715 1766 1817 1868 1919 1970 1974 2025 2076 2127 2178 
21 72 123 174 225 276 327 331 382 433 484 535 586 637 688 739 790 841 892 896 947 998 1049 1100 1151 1202 1253 1304 1355 1406 1410 1461 1512 1563 1614 1665 1716 1767 1818 1869 1920 1971 1975 2026 2077 2128 2179 
22 73 124 175 226 277 328 332 383 434 485 536 587 638 689 740 791 842 846 897 948 999 1050 1101 1152 1203 1254 1305 1356 1407 1411 1462 1513 1564 1615 1666 1717 1768 1819 1870 1921 1972 1976 2027 2078 2129 2180 
23 74 125 176 227 278 282 333 384 435 486 537 588 639 690 741 792 843 847 898 949 1000 1051 1102 1153 1204 1255 1306 1357 1408 1412 1463 1514 1565 1616 1667 1718 1769 1820 1871 1922 1973 1977 2028 2079 2130 2181 
24 75 126 177 228 279 283 334 385 436 487 538 589 640 691 742 793 844 848 899 950 1001 1052 1103 1154 1205 1256 1307 1358 1409 1413 1464 1515 1566 1617 1668 1719 1770 1821 1872 1923 1927 1978 2029 2080 2131 2182 
25 76 127 178 229 280 284 335 386 437 488 539 590 641 692 743 794 845 849 900 951 1002 1053 1104 1155 1206 1257 1308 1359 1363 1414 1465 1516 1567 1618 1669 1720 1771 1822 1873 1924 1928 1979 2030 2081 2132 2183 
26 77 128 179 230 281 285 336 387 438 489 540 591 642 693 744 795 799 850 901 952 1003 1054 1105 1156 1207 1258 1309 1360 1364 1415 1466 1517 1568 1619 1670 1721 1772 1823 1874 1925 1929 1980 2031 2082 2133 2184 
27 78 129 180 231 235 286 337 388 439 490 541 592 643 694 745 796 800 851 902 953 1004 1055 1106 1157 1208 1259 1310 1361 1365 1416 1467 1518 1569 1620 1671 1722 1773 1824 1875 1926 1930 1981 2032 2083 2134 2185 
28 79 130 181 232 236 287 338 389 440 491 542 593 644 695 746 797 801 852 903 954 1005 1056 1107 1158 1209 1260 1311 1362 1366 1417 1468 1519 1570 1621 1672 1723 1774 1825 1876 1880 1931 1982 2033 2084 2135 2186 
29 80 131 182 233 237 288 339 390 441 492 543 594 645 696 747 798 802 853 904 955 1006 1057 1108 1159 1210 1261 1312 1316 1367 1418 1469 1520 1571 1622 1673 1724 1775 1826 1877 1881 1932 1983 2034 2085 2136 2187 
30 81 132 183 234 238 289 340 391 442 493 544 595 646 697 748 752 803 854 905 956 1007 1058 1109 1160 1211 1262 1313 1317 1368 1419 1470 1521 1572 1623 1674 1725 1776 1827 1878 1882 1933 1984 2035 2086 2137 2188 
31 82 133 184 188 239 290 341 392 443 494 545 596 647 698 749 753 804 855 906 957 1008 1059 1110 1161 1212 1263 1314 1318 1369 1420 1471 1522 1573 1624 1675 1726 1777 1828 1879 1883 1934 1985 2036 2087 2138 2189 
32 83 134 185 189 240 291 342 393 444 495 546 597 648 699 750 754 805 856 907 958 1009 1060 1111 1162 1213 1264 1315 1319 1370 1421 1472 1523 1574 1625 1676 1727 1778 1829 1833 1884 1935 1986 2037 2088 2139 2190 
33 84 135 186 190 241 292 343 394 445 496 547 598 649 700 751 755 806 857 908 959 1010 1061 1112 1163 1214 1265 1269 1320 1371 1422 1473 1524 1575 1626 1677 1728 1779 1830 1834 1885 1936 1987 2038 2089 2140 2191 
34 85 136 187 191 242 293 344 395 446 497 548 599 650 701 705 756 807 858 909 960 1011 1062 1113 1164 1215 1266 1270 1321 1372 1423 1474 1525 1576 1627 1678 1729 1780 1831 1835 1886 1937 1988 2039 2090 2141 2192 
35 86 137 141 192 243 294 345 396 447 498 549 600 651 702 706 757 808 859 910 961 1012 1063 1114 1165 1216 1267 1271 1322 1373 1424 1475 1526 1577 1628 1679 1730 1781 1832 1836 1887 1938 1989 2040 2091 2142 2193 
36 87 138 142 193 244 295 346 397 448 499 550 601 652 703 707 758 809 860 911 962 1013 1064 1115 1166 1217 1268 1272 1323 1374 1425 1476 1527 1578 1629 1680 1731 1782 1786 1837 1888 1939 1990 2041 2092 2143 2194 
37 88 139 143 194 245 296 347 398 449 500 551 602 653 704 708 759 810 861 912 963 1014 1065 1116 1167 1218 1222 1273 1324 1375 1426 1477 1528 1579 1630 1681 1732 1783 1787 1838 1889 1940 1991 2042 2093 2144 2195 
38 89 140 144 195 246 297 348 399 450 501 552 603 654 658 709 760 811 862 913 964 1015 1066 1117 1168 1219 1223 1274 1325 1376 1427 1478 1529 1580 1631 1682 1733 1784 1788 1839 1890 1941 1992 2043 2094 2145 2196 
39 90 94 145 196 247 298 349 400 451 502 553 604 655 659 710 761 812 863 914 965 1016 1067 1118 1169 1220 1224 1275 1326 1377 1428 1479 1530 1581 1632 1683 1734 1785 1789 1840 1891 1942 1993 2044 2095 2146 2197 
40 91 95 146 197 248 299 350 401 452 503 554 605 656 660 711 762 813 864 915 966 1017 1068 1119 1170 1221 1225 1276 1327 1378 1429 1480 1531 1582 1633 1684 1735 1739 1790 1841 1892 1943 1994 2045 2096 2147 2198 
41 92 96 147 198 249 300 351 402 453 504 555 606 657 661 712 763 814 865 916 967 1018 1069 1120 1171 1175 1226 1277 1328 1379 1430 1481 1532 1583 1634 1685 1736 1740 1791 1842 1893 1944 1995 2046 2097 2148 2199 
42 93 97 148 199 250 301 352 403 454 505 556 607 611 662 713 764 815 866 917 968 1019 1070 1121 1172 1176 1227 1278 1329 1380 1431 1482 1533 1584 1635 1686 1737 1741 1792 1843 1894 1945 1996 2047 2098 2149 2200 
43 47 98 149 200 251 302 353 404 455 506 557 608 612 663 714 765 816 867 918 969 1020 1071 1122 1173 1177 1228 1279 1330 1381 1432 1483 1534 1585 1636 1687 1738 1742 1793 1844 1895 1946 1997 2048 2099 2150 2201 
44 48 99 150 201 252 303 354 405 456 507 558 609 613 664 715 766 817 868 919 970 1021 1072 1123 1174 1178 1229 1280 1331 1382 1433 1484 1535 1586 1637 1688 1692 1743 1794 1845 1896 1947 1998 2049 2100 2151 2202 
45 49 100 151 202 253 304 355 406 457 508 559 610 614 665 716 767 818 869 920 971 1022 1073 1124 1128 1179 1230 1281 1332 1383 1434 1485 1536 1587 1638 1689 1693 1744 1795 1846 1897 1948 1999 2050 2101 2152 2203 
46 50 101 152 203 254 305 356 407 458 509 560 564 615 666 717 768 819 870 921 972 1023 1074 1125 1129 1180 1231 1282 1333 1384 1435 1486 1537 1588 1639 1690 1694 1745 1796 1847 1898 1949 2000 2051 2102 2153 2204 
