2209 235
5 47
5 5 5 5 5 5 5 5 5 5 5 5 5 5 5 5 5 5 5 5 5 5 5 5 5 5 5 5 5 5 5 5 5 5 5 5 5 5 5 5 5 5 5 5 5 5 5 5 5 5 5 5 5 5 5 5 5 5 5 5 5 5 5 5 5 5 5 5 5 5 5 5 5 5 5 5 5 5 5 5 5 5 5 5 5 5 5 5 5 5 5 5 5 5 5 5 5 5 5 5 5 5 5 5 5 5 5 5 5 5 5 5 5 5 5 5 5 5 5 5 5 5 5 5 5 5 5 5 5 5 5 5 5 5 5 5 5 5 5 5 5 5 5 5 5 5 5 5 5 5 5 5 5 5 5 5 5 5 5 5 5 5 5 5 5 5 5 5 5 5 5 5 5 5 5 5 5 5 5 5 5 5 5 5 5 5 5 5 5 5 5 5 5 5 5 5 5 5 5 5 5 5 5 5 5 5 5 5 5 5 5 5 5 5 5 5 5 5 5 5 5 5 5 5 5 5 5 5 5 5 5 5 5 5 5 5 5 5 5 5 5 5 5 5 5 5 5 5 5 5 5 5 5 5 5 5 5 5 5 5 5 5 5 5 5 5 5 5 5 5 5 5 5 5 5 5 5 5 5 5 5 5 5 5 5 5 5 5 5 5 5 5 5 5 5 5 5 5 5 5 5 5 5 5 5 5 5 5 5 5 5 5 5 5 5 5 5 5 5 5 5 5 5 5 5 5 5 5 5 5 5 5 5 5 5 5 5 5 5 5 5 5 5 5 5 5 5 5 5 5 5 5 5 5 5 5 5 5 5 5 5 5 5 5 5 5 5 5 5 5 5 5 5 5 5 5 5 5 5 5 5 5 5 5 5 5 5 5 5 5 5 5 5 5 5 5 5 5 5 5 5 5 5 5 5 5 5 5 5 5 5 5 5 5 5 5 5 5 5 5 5 5 5 5 5 5 5 5 5 5 5 5 5 5 5 5 5 5 5 5 5 5 5 5 5 5 5 5 5 5 5 5 5 5 5 5 5 5 5 5 5 5 5 5 5 5 5 5 5 5 5 5 5 5 5 5 5 5 5 5 5 5 5 5 5 5 5 5 5 5 5 5 5 5 5 5 5 5 5 5 5 5 5 5 5 5 5 5 5 5 5 5 5 5 5 5 5 5 5 5 5 5 5 5 5 5 5 5 5 5 5 5 5 5 5 5 5 5 5 5 5 5 5 5 5 5 5 5 5 5 5 5 5 5 5 5 5 5 5 5 5 5 5 5 5 5 5 5 5 5 5 5 5 5 5 5 5 5 5 5 5 5 5 5 5 5 5 5 5 5 5 5 5 5 5 5 5 5 5 5 5 5 5 5 5 5 5 5 5 5 5 5 5 5 5 5 5 5 5 5 5 5 5 5 5 5 5 5 5 5 5 5 5 5 5 5 5 5 5 5 5 5 5 5 5 5 5 5 5 5 5 5 5 5 5 5 5 5 5 5 5 5 5 5 5 5 5 5 5 5 5 5 5 5 5 5 5 5 5 5 5 5 5 5 5 5 5 5 5 5 5 5 5 5 5 5 5 5 5 5 5 5 5 5 5 5 5 5 5 5 5 5 5 5 5 5 5 5 5 5 5 5 5 5 5 5 5 5 5 5 5 5 5 5 5 5 5 5 5 5 5 5 5 5 5 5 5 5 5 5 5 5 5 5 5 5 5 5 5 5 5 5 5 5 5 5 5 5 5 5 5 5 5 5 5 5 5 5 5 5 5 5 5 5 5 5 5 5 5 5 5 5 5 5 5 5 5 5 5 5 5 5 5 5 5 5 5 5 5 5 5 5 5 5 5 5 5 5 5 5 5 5 5 5 5 5 5 5 5 5 5 5 5 5 5 5 5 5 5 5 5 5 5 5 5 5 5 5 5 5 5 5 5 5 5 5 5 5 5 5 5 5 5 5 5 5 5 5 5 5 5 5 5 5 5 5 5 5 5 5 5 5 5 5 5 5 5 5 5 5 5 5 5 5 5 5 5 5 5 5 5 5 5 5 5 5 5 5 5 5 5 5 5 5 5 5 5 5 5 5 5 5 5 5 5 5 5 5 5 5 5 5 5 5 5 5 5 5 5 5 5 5 5 5 5 5 5 5 5 5 5 5 5 5 5 5 5 5 5 5 5 5 5 5 5 5 5 5 5 5 5 5 5 5 5 5 5 5 5 5 5 5 5 5 5 5 5 5 5 5 5 5 5 5 5 5 5 5 5 5 5 5 5 5 5 5 5 5 5 5 5 5 5 5 5 5 5 5 5 5 5 5 5 5 5 5 5 5 5 5 5 5 5 5 5 5 5 5 5 5 5 5 5 5 5 5 5 5 5 5 5 5 5 5 5 5 5 5 5 5 5 5 5 5 5 5 5 5 5 5 5 5 5 5 5 5 5 5 5 5 5 5 5 5 5 5 5 5 5 5 5 5 5 5 5 5 5 5 5 5 5 5 5 5 5 5 5 5 5 5 5 5 5 5 5 5 5 5 5 5 5 5 5 5 5 5 5 5 5 5 5 5 5 5 5 5 5 5 5 5 5 5 5 5 5 5 5 5 5 5 5 5 5 5 5 5 5 5 5 5 5 5 5 5 5 5 5 5 5 5 5 5 5 5 5 5 5 5 5 5 5 5 5 5 5 5 5 5 5 5 5 5 5 5 5 5 5 5 5 5 5 5 5 5 5 5 5 5 5 5 5 5 5 5 5 5 5 5 5 5 5 5 5 5 5 5 5 5 5 5 5 5 5 5 5 5 5 5 5 5 5 5 5 5 5 5 5 5 5 5 5 5 5 5 5 5 5 5 5 5 5 5 5 5 5 5 5 5 5 5 5 5 5 5 5 5 5 5 5 5 5 5 5 5 5 5 5 5 5 5 5 5 5 5 5 5 5 5 5 5 5 5 5 5 5 5 5 5 5 5 5 5 5 5 5 5 5 5 5 5 5 5 5 5 5 5 5 5 5 5 5 5 5 5 5 5 5 5 5 5 5 5 5 5 5 5 5 5 5 5 5 5 5 5 5 5 5 5 5 5 5 5 5 5 5 5 5 5 5 5 5 5 5 5 5 5 5 5 5 5 5 5 5 5 5 5 5 5 5 5 5 5 5 5 5 5 5 5 5 5 5 5 5 5 5 5 5 5 5 5 5 5 5 5 5 5 5 5 5 5 5 5 5 5 5 5 5 5 5 5 5 5 5 5 5 5 5 5 5 5 5 5 5 5 5 5 5 5 5 5 5 5 5 5 5 5 5 5 5 5 5 5 5 5 5 5 5 5 5 5 5 5 5 5 5 5 5 5 5 5 5 5 5 5 5 5 5 5 5 5 5 5 5 5 5 5 5 5 5 5 5 5 5 5 5 5 5 5 5 5 5 5 5 5 5 5 5 5 5 5 5 5 5 5 5 5 5 5 5 5 5 5 5 5 5 5 5 5 5 5 5 5 5 5 5 5 5 5 5 5 5 5 5 5 5 5 5 5 5 5 5 5 5 5 5 5 5 5 5 5 5 5 5 5 5 5 5 5 5 5 5 5 5 5 5 5 5 5 5 5 5 5 5 5 5 5 5 5 5 5 5 5 5 5 5 5 5 5 5 5 5 5 5 5 5 5 5 5 5 5 5 5 5 5 5 5 5 5 5 5 5 5 5 5 5 5 5 5 5 5 5 5 5 5 5 5 5 5 5 5 5 5 5 5 5 5 5 5 5 5 5 5 5 5 5 5 5 5 5 5 5 5 5 5 5 5 5 5 5 5 5 5 5 5 5 5 5 5 5 5 5 5 5 5 5 5 5 5 5 5 5 5 5 5 5 5 5 5 5 5 5 5 5 5 5 5 5 5 5 5 5 5 5 5 5 5 5 5 5 5 5 5 5 5 5 5 5 5 5 5 5 5 5 5 5 5 5 5 5 5 5 5 5 5 5 5 5 5 5 5 5 5 5 5 5 5 5 5 5 5 5 5 5 5 5 5 5 5 5 5 5 5 5 5 5 5 5 5 5 5 5 5 5 5 5 5 5 5 5 5 5 5 5 5 5 5 5 5 5 5 5 5 5 5 5 5 5 5 5 5 5 5 5 5 5 5 5 5 5 5 5 5 5 5 5 5 5 5 5 5 5 5 5 5 5 5 5 5 5 5 5 5 5 5 5 5 5 5 5 5 5 5 5 5 5 5 5 5 5 5 5 5 5 5 5 5 5 5 5 5 5 5 5 5 5 5 5 5 5 5 5 5 5 5 5 5 5 5 5 5 5 5 5 5 5 5 5 5 5 5 5 5 5 5 5 5 5 5 5 5 5 5 5 5 5 5 5 5 5 5 5 5 5 5 5 5 5 5 5 5 5 5 5 5 5 5 5 5 5 5 5 5 5 5 5 5 5 5 5 5 5 5 5 5 5 5 5 5 5 5 5 5 5 5 5 5 5 5 5 5 5 5 5 5 5 5 5 5 5 5 5 5 5 5 5 5 5 5 5 5 5 5 5 5 5 5 5 5 5 5 5 5 5 5 5 5 5 5 5 5 5 5 5 5 5 5 5 5 5 5 5 5 5 5 5 5 5 5 5 5 5 5 5 5 5 5 5 5 5 5 5 5 5 5 5 5 5 5 5 5 5 5 5 5 5 5 5 5 5 5 5 5 5 5 5 5 5 5 5 5 5 5 5 5 5 5 5 5 5 5 5 5 5 5 5 5 5 5 5 5 5 5 5 5 5 5 5 5 5 5 5 5 5 5 5 5 5 5 5 5 5 5 5 5 5 5 5 5 5 5 5 5 5 5 5 5 5 5 5 5 5 5 5 5 5 5 5 5 5 5 5 5 5 5 5 5 5 5 5 5 5 5 5 5 5 5 5 5 5 5 5 5 5 5 5 5 5 5 5 5 5 5 5 5 5 5 5 5 5 5 5 5 5 5 5 5 5 5 5 5 5 5 5 5 5 5 5 5 5 
47 47 47 47 47 47 47 47 47 47 47 47 47 47 47 47 47 47 47 47 47 47 47 47 47 47 47 47 47 47 47 47 47 47 47 47 47 47 47 47 47 47 47 47 47 47 47 47 47 47 47 47 47 47 47 47 47 47 47 47 47 47 47 47 47 47 47 47 47 47 47 47 47 47 47 47 47 47 47 47 47 47 47 47 47 47 47 47 47 47 47 47 47 47 47 47 47 47 47 47 47 47 47 47 47 47 47 47 47 47 47 47 47 47 47 47 47 47 47 47 47 47 47 47 47 47 47 47 47 47 47 47 47 47 47 47 47 47 47 47 47 47 47 47 47 47 47 47 47 47 47 47 47 47 47 47 47 47 47 47 47 47 47 47 47 47 47 47 47 47 47 47 47 47 47 47 47 47 47 47 47 47 47 47 47 47 47 47 47 47 47 47 47 47 47 47 47 47 47 47 47 47 47 47 47 47 47 47 47 47 47 47 47 47 47 47 47 47 47 47 47 47 47 47 47 47 47 47 47 47 47 47 47 47 47 
0 47 94 141 188 
1 48 95 142 189 
2 49 96 143 190 
3 50 97 144 191 
4 51 98 145 192 
5 52 99 146 193 
6 53 100 147 194 
7 54 101 148 195 
8 55 102 149 196 
9 56 103 150 197 
10 57 104 151 198 
11 58 105 152 199 
12 59 106 153 200 
13 60 107 154 201 
14 61 108 155 202 
15 62 109 156 203 
16 63 110 157 204 
17 64 111 158 205 
18 65 112 159 206 
19 66 113 160 207 
20 67 114 161 208 
21 68 115 162 209 
22 69 116 163 210 
23 70 117 164 211 
24 71 118 165 212 
25 72 119 166 213 
26 73 120 167 214 
27 74 121 168 215 
28 75 122 169 216 
29 76 123 170 217 
30 77 124 171 218 
31 78 125 172 219 
32 79 126 173 220 
33 80 127 174 221 
34 81 128 175 222 
35 82 129 176 223 
36 83 130 177 224 
37 84 131 178 225 
38 85 132 179 226 
39 86 133 180 227 
40 87 134 181 228 
41 88 135 182 229 
42 89 136 183 230 
43 90 137 184 231 
44 91 138 185 232 
45 92 139 186 233 
46 93 140 187 234 
0 48 96 144 192 
1 49 97 145 193 
2 50 98 146 194 
3 51 99 147 195 
4 52 100 148 196 
5 53 101 149 197 
6 54 102 150 198 
7 55 103 151 199 
8 56 104 152 200 
9 57 105 153 201 
10 58 106 154 202 
11 59 107 155 203 
12 60 108 156 204 
13 61 109 157 205 
14 62 110 158 206 
15 63 111 159 207 
16 64 112 160 208 
17 65 113 161 209 
18 66 114 162 210 
19 67 115 163 211 
20 68 116 164 212 
21 69 117 165 213 
22 70 118 166 214 
23 71 119 167 215 
24 72 120 168 216 
25 73 121 169 217 
26 74 122 170 218 
27 75 123 171 219 
28 76 124 172 220 
29 77 125 173 221 
30 78 126 174 222 
31 79 127 175 223 
32 80 128 176 224 
33 81 129 177 225 
34 82 130 178 226 
35 83 131 179 227 
36 84 132 180 228 
37 85 133 181 229 
38 86 134 182 230 
39 87 135 183 231 
40 88 136 184 232 
41 89 137 185 233 
42 90 138 186 234 
43 91 139 187 188 
44 92 140 141 189 
45 93 94 142 190 
46 47 95 143 191 
0 49 98 147 196 
1 50 99 148 197 
2 51 100 149 198 
3 52 101 150 199 
4 53 102 151 200 
5 54 103 152 201 
6 55 104 153 202 
7 56 105 154 203 
8 57 106 155 204 
9 58 107 156 205 
10 59 108 157 206 
11 60 109 158 207 
12 61 110 159 208 
13 62 111 160 209 
14 63 112 161 210 
15 64 113 162 211 
16 65 114 163 212 
17 66 115 164 213 
18 67 116 165 214 
19 68 117 166 215 
20 69 118 167 216 
21 70 119 168 217 
22 71 120 169 218 
23 72 121 170 219 
24 73 122 171 220 
25 74 123 172 221 
26 75 124 173 222 
27 76 125 174 223 
28 77 126 175 224 
29 78 127 176 225 
30 79 128 177 226 
31 80 129 178 227 
32 81 130 179 228 
33 82 131 180 229 
34 83 132 181 230 
35 84 133 182 231 
36 85 134 183 232 
37 86 135 184 233 
38 87 136 185 234 
39 88 137 186 188 
40 89 138 187 189 
41 90 139 141 190 
42 91 140 142 191 
43 92 94 143 192 
44 93 95 144 193 
45 47 96 145 194 
46 48 97 146 195 
0 50 100 150 200 
1 51 101 151 201 
2 52 102 152 202 
3 53 103 153 203 
4 54 104 154 204 
5 55 105 155 205 
6 56 106 156 206 
7 57 107 157 207 
8 58 108 158 208 
9 59 109 159 209 
10 60 110 160 210 
11 61 111 161 211 
12 62 112 162 212 
13 63 113 163 213 
14 64 114 164 214 
15 65 115 165 215 
16 66 116 166 216 
17 67 117 167 217 
18 68 118 168 218 
19 69 119 169 219 
20 70 120 170 220 
21 71 121 171 221 
22 72 122 172 222 
23 73 123 173 223 
24 74 124 174 224 
25 75 125 175 225 
26 76 126 176 226 
27 77 127 177 227 
28 78 128 178 228 
29 79 129 179 229 
30 80 130 180 230 
31 81 131 181 231 
32 82 132 182 232 
33 83 133 183 233 
34 84 134 184 234 
35 85 135 185 188 
36 86 136 186 189 
37 87 137 187 190 
38 88 138 141 191 
39 89 139 142 192 
40 90 140 143 193 
41 91 94 144 194 
42 92 95 145 195 
43 93 96 146 196 
44 47 97 147 197 
45 48 98 148 198 
46 49 99 149 199 
0 51 102 153 204 
1 52 103 154 205 
2 53 104 155 206 
3 54 105 156 207 
4 55 106 157 208 
5 56 107 158 209 
6 57 108 159 210 
7 58 109 160 211 
8 59 110 161 212 
9 60 111 162 213 
10 61 112 163 214 
11 62 113 164 215 
12 63 114 165 216 
13 64 115 166 217 
14 65 116 167 218 
15 66 117 168 219 
16 67 118 169 220 
17 68 119 170 221 
18 69 120 171 222 
19 70 121 172 223 
20 71 122 173 224 
21 72 123 174 225 
22 73 124 175 226 
23 74 125 176 227 
24 75 126 177 228 
25 76 127 178 229 
26 77 128 179 230 
27 78 129 180 231 
28 79 130 181 232 
29 80 131 182 233 
30 81 132 183 234 
31 82 133 184 188 
32 83 134 185 189 
33 84 135 186 190 
34 85 136 187 191 
35 86 137 141 192 
36 87 138 142 193 
37 88 139 143 194 
38 89 140 144 195 
39 90 94 145 196 
40 91 95 146 197 
41 92 96 147 198 
42 93 97 148 199 
43 47 98 149 200 
44 48 99 150 201 
45 49 100 151 202 
46 50 101 152 203 
0 52 104 156 208 
1 53 105 157 209 
2 54 106 158 210 
3 55 107 159 211 
4 56 108 160 212 
5 57 109 161 213 
6 58 110 162 214 
7 59 111 163 215 
8 60 112 164 216 
9 61 113 165 217 
10 62 114 166 218 
11 63 115 167 219 
12 64 116 168 220 
13 65 117 169 221 
14 66 118 170 222 
15 67 119 171 223 
16 68 120 172 224 
17 69 121 173 225 
18 70 122 174 226 
19 71 123 175 227 
20 72 124 176 228 
21 73 125 177 229 
22 74 126 178 230 
23 75 127 179 231 
24 76 128 180 232 
25 77 129 181 233 
26 78 130 182 234 
27 79 131 183 188 
28 80 132 184 189 
29 81 133 185 190 
30 82 134 186 191 
31 83 135 187 192 
32 84 136 141 193 
33 85 137 142 194 
34 86 138 143 195 
35 87 139 144 196 
36 88 140 145 197 
37 89 94 146 198 
38 90 95 147 199 
39 91 96 148 200 
40 92 97 149 201 
41 93 98 150 202 
42 47 99 151 203 
43 48 100 152 204 
44 49 101 153 205 
45 50 102 154 206 
46 51 103 155 207 
0 53 106 159 212 
1 54 107 160 213 
2 55 108 161 214 
3 56 109 162 215 
4 57 110 163 216 
5 58 111 164 217 
6 59 112 165 218 
7 60 113 166 219 
8 61 114 167 220 
9 62 115 168 221 
10 63 116 169 222 
11 64 117 170 223 
12 65 118 171 224 
13 66 119 172 225 
14 67 120 173 226 
15 68 121 174 227 
16 69 122 175 228 
17 70 123 176 229 
18 71 124 177 230 
19 72 125 178 231 
20 73 126 179 232 
21 74 127 180 233 
22 75 128 181 234 
23 76 129 182 188 
24 77 130 183 189 
25 78 131 184 190 
26 79 132 185 191 
27 80 133 186 192 
28 81 134 187 193 
29 82 135 141 194 
30 83 136 142 195 
31 84 137 143 196 
32 85 138 144 197 
33 86 139 145 198 
34 87 140 146 199 
35 88 94 147 200 
36 89 95 148 201 
37 90 96 149 202 
38 91 97 150 203 
39 92 98 151 204 
40 93 99 152 205 
41 47 100 153 206 
42 48 101 154 207 
43 49 102 155 208 
44 50 103 156 209 
45 51 104 157 210 
46 52 105 158 211 
0 54 108 162 216 
1 55 109 163 217 
2 56 110 164 218 
3 57 111 165 219 
4 58 112 166 220 
5 59 113 167 221 
6 60 114 168 222 
7 61 115 169 223 
8 62 116 170 224 
9 63 117 171 225 
10 64 118 172 226 
11 65 119 173 227 
12 66 120 174 228 
13 67 121 175 229 
14 68 122 176 230 
15 69 123 177 231 
16 70 124 178 232 
17 71 125 179 233 
18 72 126 180 234 
19 73 127 181 188 
20 74 128 182 189 
21 75 129 183 190 
22 76 130 184 191 
23 77 131 185 192 
24 78 132 186 193 
25 79 133 187 194 
26 80 134 141 195 
27 81 135 142 196 
28 82 136 143 197 
29 83 137 144 198 
30 84 138 145 199 
31 85 139 146 200 
32 86 140 147 201 
33 87 94 148 202 
34 88 95 149 203 
35 89 96 150 204 
36 90 97 151 205 
37 91 98 152 206 
38 92 99 153 207 
39 93 100 154 208 
40 47 101 155 209 
41 48 102 156 210 
42 49 103 157 211 
43 50 104 158 212 
44 51 105 159 213 
45 52 106 160 214 
46 53 107 161 215 
0 55 110 165 220 
1 56 111 166 221 
2 57 112 167 222 
3 58 113 168 223 
4 59 114 169 224 
5 60 115 170 225 
6 61 116 171 226 
7 62 117 172 227 
8 63 118 173 228 
9 64 119 174 229 
10 65 120 175 230 
11 66 121 176 231 
12 67 122 177 232 
13 68 123 178 233 
14 69 124 179 234 
15 70 125 180 188 
16 71 126 181 189 
17 72 127 182 190 
18 73 128 183 191 
19 74 129 184 192 
20 75 130 185 193 
21 76 131 186 194 
22 77 132 187 195 
23 78 133 141 196 
24 79 134 142 197 
25 80 135 143 198 
26 81 136 144 199 
27 82 137 145 200 
28 83 138 146 201 
29 84 139 147 202 
30 85 140 148 203 
31 86 94 149 204 
32 87 95 150 205 
33 88 96 151 206 
34 89 97 152 207 
35 90 98 153 208 
36 91 99 154 209 
37 92 100 155 210 
38 93 101 156 211 
39 47 102 157 212 
40 48 103 158 213 
41 49 104 159 214 
42 50 105 160 215 
43 51 106 161 216 
44 52 107 162 217 
45 53 108 163 218 
46 54 109 164 219 
0 56 112 168 224 
1 57 113 169 225 
2 58 114 170 226 
3 59 115 171 227 
4 60 116 172 228 
5 61 117 173 229 
6 62 118 174 230 
7 63 119 175 231 
8 64 120 176 232 
9 65 121 177 233 
10 66 122 178 234 
11 67 123 179 188 
12 68 124 180 189 
13 69 125 181 190 
14 70 126 182 191 
15 71 127 183 192 
16 72 128 184 193 
17 73 129 185 194 
18 74 130 186 195 
19 75 131 187 196 
20 76 132 141 197 
21 77 133 142 198 
22 78 134 143 199 
23 79 135 144 200 
24 80 136 145 201 
25 81 137 146 202 
26 82 138 147 203 
27 83 139 148 204 
28 84 140 149 205 
29 85 94 150 206 
30 86 95 151 207 
31 87 96 152 208 
32 88 97 153 209 
33 89 98 154 210 
34 90 99 155 211 
35 91 100 156 212 
36 92 101 157 213 
37 93 102 158 214 
38 47 103 159 215 
39 48 104 160 216 
40 49 105 161 217 
41 50 106 162 218 
42 51 107 163 219 
43 52 108 164 220 
44 53 109 165 221 
45 54 110 166 222 
46 55 111 167 223 
0 57 114 171 228 
1 58 115 172 229 
2 59 116 173 230 
3 60 117 174 231 
4 61 118 175 232 
5 62 119 176 233 
6 63 120 177 234 
7 64 121 178 188 
8 65 122 179 189 
9 66 123 180 190 
10 67 124 181 191 
11 68 125 182 192 
12 69 126 183 193 
13 70 127 184 194 
14 71 128 185 195 
15 72 129 186 196 
16 73 130 187 197 
17 74 131 141 198 
18 75 132 142 199 
19 76 133 143 200 
20 77 134 144 201 
21 78 135 145 202 
22 79 136 146 203 
23 80 137 147 204 
24 81 138 148 205 
25 82 139 149 206 
26 83 140 150 207 
27 84 94 151 208 
28 85 95 152 209 
29 86 96 153 210 
30 87 97 154 211 
31 88 98 155 212 
32 89 99 156 213 
33 90 100 157 214 
34 91 101 158 215 
35 92 102 159 216 
36 93 103 160 217 
37 47 104 161 218 
38 48 105 162 219 
39 49 106 163 220 
40 50 107 164 221 
41 51 108 165 222 
42 52 109 166 223 
43 53 110 167 224 
44 54 111 168 225 
45 55 112 169 226 
46 56 113 170 227 
0 58 116 174 232 
1 59 117 175 233 
2 60 118 176 234 
3 61 119 177 188 
4 62 120 178 189 
5 63 121 179 190 
6 64 122 180 191 
7 65 123 181 192 
8 66 124 182 193 
9 67 125 183 194 
10 68 126 184 195 
11 69 127 185 196 
12 70 128 186 197 
13 71 129 187 198 
14 72 130 141 199 
15 73 131 142 200 
16 74 132 143 201 
17 75 133 144 202 
18 76 134 145 203 
19 77 135 146 204 
20 78 136 147 205 
21 79 137 148 206 
22 80 138 149 207 
23 81 139 150 208 
24 82 140 151 209 
25 83 94 152 210 
26 84 95 153 211 
27 85 96 154 212 
28 86 97 155 213 
29 87 98 156 214 
30 88 99 157 215 
31 89 100 158 216 
32 90 101 159 217 
33 91 102 160 218 
34 92 103 161 219 
35 93 104 162 220 
36 47 105 163 221 
37 48 106 164 222 
38 49 107 165 223 
39 50 108 166 224 
40 51 109 167 225 
41 52 110 168 226 
42 53 111 169 227 
43 54 112 170 228 
44 55 113 171 229 
45 56 114 172 230 
46 57 115 173 231 
0 59 118 177 189 
1 60 119 178 190 
2 61 120 179 191 
3 62 121 180 192 
4 63 122 181 193 
5 64 123 182 194 
6 65 124 183 195 
7 66 125 184 196 
8 67 126 185 197 
9 68 127 186 198 
10 69 128 187 199 
11 70 129 141 200 
12 71 130 142 201 
13 72 131 143 202 
14 73 132 144 203 
15 74 133 145 204 
16 75 134 146 205 
17 76 135 147 206 
18 77 136 148 207 
19 78 137 149 208 
20 79 138 150 209 
21 80 139 151 210 
22 81 140 152 211 
23 82 94 153 212 
24 83 95 154 213 
25 84 96 155 214 
26 85 97 156 215 
27 86 98 157 216 
28 87 99 158 217 
29 88 100 159 218 
30 89 101 160 219 
31 90 102 161 220 
32 91 103 162 221 
33 92 104 163 222 
34 93 105 164 223 
35 47 106 165 224 
36 48 107 166 225 
37 49 108 167 226 
38 50 109 168 227 
39 51 110 169 228 
40 52 111 170 229 
41 53 112 171 230 
42 54 113 172 231 
43 55 114 173 232 
44 56 115 174 233 
45 57 116 175 234 
46 58 117 176 188 
0 60 120 180 193 
1 61 121 181 194 
2 62 122 182 195 
3 63 123 183 196 
4 64 124 184 197 
5 65 125 185 198 
6 66 126 186 199 
7 67 127 187 200 
8 68 128 141 201 
9 69 129 142 202 
10 70 130 143 203 
11 71 131 144 204 
12 72 132 145 205 
13 73 133 146 206 
14 74 134 147 207 
15 75 135 148 208 
16 76 136 149 209 
17 77 137 150 210 
18 78 138 151 211 
19 79 139 152 212 
20 80 140 153 213 
21 81 94 154 214 
22 82 95 155 215 
23 83 96 156 216 
24 84 97 157 217 
25 85 98 158 218 
26 86 99 159 219 
27 87 100 160 220 
28 88 101 161 221 
29 89 102 162 222 
30 90 103 163 223 
31 91 104 164 224 
32 92 105 165 225 
33 93 106 166 226 
34 47 107 167 227 
35 48 108 168 228 
36 49 109 169 229 
37 50 110 170 230 
38 51 111 171 231 
39 52 112 172 232 
40 53 113 173 233 
41 54 114 174 234 
42 55 115 175 188 
43 56 116 176 189 
44 57 117 177 190 
45 58 118 178 191 
46 59 119 179 192 
0 61 122 183 197 
1 62 123 184 198 
2 63 124 185 199 
3 64 125 186 200 
4 65 126 187 201 
5 66 127 141 202 
6 67 128 142 203 
7 68 129 143 204 
8 69 130 144 205 
9 70 131 145 206 
10 71 132 146 207 
11 72 133 147 208 
12 73 134 148 209 
13 74 135 149 210 
14 75 136 150 211 
15 76 137 151 212 
16 77 138 152 213 
17 78 139 153 214 
18 79 140 154 215 
19 80 94 155 216 
20 81 95 156 217 
21 82 96 157 218 
22 83 97 158 219 
23 84 98 159 220 
24 85 99 160 221 
25 86 100 161 222 
26 87 101 162 223 
27 88 102 163 224 
28 89 103 164 225 
29 90 104 165 226 
30 91 105 166 227 
31 92 106 167 228 
32 93 107 168 229 
33 47 108 169 230 
34 48 109 170 231 
35 49 110 171 232 
36 50 111 172 233 
37 51 112 173 234 
38 52 113 174 188 
39 53 114 175 189 
40 54 115 176 190 
41 55 116 177 191 
42 56 117 178 192 
43 57 118 179 193 
44 58 119 180 194 
45 59 120 181 195 
46 60 121 182 196 
0 62 124 186 201 
1 63 125 187 202 
2 64 126 141 203 
3 65 127 142 204 
4 66 128 143 205 
5 67 129 144 206 
6 68 130 145 207 
7 69 131 146 208 
8 70 132 147 209 
9 71 133 148 210 
10 72 134 149 211 
11 73 135 150 212 
12 74 136 151 213 
13 75 137 152 214 
14 76 138 153 215 
15 77 139 154 216 
16 78 140 155 217 
17 79 94 156 218 
18 80 95 157 219 
19 81 96 158 220 
20 82 97 159 221 
21 83 98 160 222 
22 84 99 161 223 
23 85 100 162 224 
24 86 101 163 225 
25 87 102 164 226 
26 88 103 165 227 
27 89 104 166 228 
28 90 105 167 229 
29 91 106 168 230 
30 92 107 169 231 
31 93 108 170 232 
32 47 109 171 233 
33 48 110 172 234 
34 49 111 173 188 
35 50 112 174 189 
36 51 113 175 190 
37 52 114 176 191 
38 53 115 177 192 
39 54 116 178 193 
40 55 117 179 194 
41 56 118 180 195 
42 57 119 181 196 
43 58 120 182 197 
44 59 121 183 198 
45 60 122 184 199 
46 61 123 185 200 
0 63 126 142 205 
1 64 127 143 206 
2 65 128 144 207 
3 66 129 145 208 
4 67 130 146 209 
5 68 131 147 210 
6 69 132 148 211 
7 70 133 149 212 
8 71 134 150 213 
9 72 135 151 214 
10 73 136 152 215 
11 74 137 153 216 
12 75 138 154 217 
13 76 139 155 218 
14 77 140 156 219 
15 78 94 157 220 
16 79 95 158 221 
17 80 96 159 222 
18 81 97 160 223 
19 82 98 161 224 
20 83 99 162 225 
21 84 100 163 226 
22 85 101 164 227 
23 86 102 165 228 
24 87 103 166 229 
25 88 104 167 230 
26 89 105 168 231 
27 90 106 169 232 
28 91 107 170 233 
29 92 108 171 234 
30 93 109 172 188 
31 47 110 173 189 
32 48 111 174 190 
33 49 112 175 191 
34 50 113 176 192 
35 51 114 177 193 
36 52 115 178 194 
37 53 116 179 195 
38 54 117 180 196 
39 55 118 181 197 
40 56 119 182 198 
41 57 120 183 199 
42 58 121 184 200 
43 59 122 185 201 
44 60 123 186 202 
45 61 124 187 203 
46 62 125 141 204 
0 64 128 145 209 
1 65 129 146 210 
2 66 130 147 211 
3 67 131 148 212 
4 68 132 149 213 
5 69 133 150 214 
6 70 134 151 215 
7 71 135 152 216 
8 72 136 153 217 
9 73 137 154 218 
10 74 138 155 219 
11 75 139 156 220 
12 76 140 157 221 
13 77 94 158 222 
14 78 95 159 223 
15 79 96 160 224 
16 80 97 161 225 
17 81 98 162 226 
18 82 99 163 227 
19 83 100 164 228 
20 84 101 165 229 
21 85 102 166 230 
22 86 103 167 231 
23 87 104 168 232 
24 88 105 169 233 
25 89 106 170 234 
26 90 107 171 188 
27 91 108 172 189 
28 92 109 173 190 
29 93 110 174 191 
30 47 111 175 192 
31 48 112 176 193 
32 49 113 177 194 
33 50 114 178 195 
34 51 115 179 196 
35 52 116 180 197 
36 53 117 181 198 
37 54 118 182 199 
38 55 119 183 200 
39 56 120 184 201 
40 57 121 185 202 
41 58 122 186 203 
42 59 123 187 204 
43 60 124 141 205 
44 61 125 142 206 
45 62 126 143 207 
46 63 127 144 208 
0 65 130 148 213 
1 66 131 149 214 
2 67 132 150 215 
3 68 133 151 216 
4 69 134 152 217 
5 70 135 153 218 
6 71 136 154 219 
7 72 137 155 220 
8 73 138 156 221 
9 74 139 157 222 
10 75 140 158 223 
11 76 94 159 224 
12 77 95 160 225 
13 78 96 161 226 
14 79 97 162 227 
15 80 98 163 228 
16 81 99 164 229 
17 82 100 165 230 
18 83 101 166 231 
19 84 102 167 232 
20 85 103 168 233 
21 86 104 169 234 
22 87 105 170 188 
23 88 106 171 189 
24 89 107 172 190 
25 90 108 173 191 
26 91 109 174 192 
27 92 110 175 193 
28 93 111 176 194 
29 47 112 177 195 
30 48 113 178 196 
31 49 114 179 197 
32 50 115 180 198 
33 51 116 181 199 
34 52 117 182 200 
35 53 118 183 201 
36 54 119 184 202 
37 55 120 185 203 
38 56 121 186 204 
39 57 122 187 205 
40 58 123 141 206 
41 59 124 142 207 
42 60 125 143 208 
43 61 126 144 209 
44 62 127 145 210 
45 63 128 146 211 
46 64 129 147 212 
0 66 132 151 217 
1 67 133 152 218 
2 68 134 153 219 
3 69 135 154 220 
4 70 136 155 221 
5 71 137 156 222 
6 72 138 157 223 
7 73 139 158 224 
8 74 140 159 225 
9 75 94 160 226 
10 76 95 161 227 
11 77 96 162 228 
12 78 97 163 229 
13 79 98 164 230 
14 80 99 165 231 
15 81 100 166 232 
16 82 101 167 233 
17 83 102 168 234 
18 84 103 169 188 
19 85 104 170 189 
20 86 105 171 190 
21 87 106 172 191 
22 88 107 173 192 
23 89 108 174 193 
24 90 109 175 194 
25 91 110 176 195 
26 92 111 177 196 
27 93 112 178 197 
28 47 113 179 198 
29 48 114 180 199 
30 49 115 181 200 
31 50 116 182 201 
32 51 117 183 202 
33 52 118 184 203 
34 53 119 185 204 
35 54 120 186 205 
36 55 121 187 206 
37 56 122 141 207 
38 57 123 142 208 
39 58 124 143 209 
40 59 125 144 210 
41 60 126 145 211 
42 61 127 146 212 
43 62 128 147 213 
44 63 129 148 214 
45 64 130 149 215 
46 65 131 150 216 
0 67 134 154 221 
1 68 135 155 222 
2 69 136 156 223 
3 70 137 157 224 
4 71 138 158 225 
5 72 139 159 226 
6 73 140 160 227 
7 74 94 161 228 
8 75 95 162 229 
9 76 96 163 230 
10 77 97 164 231 
11 78 98 165 232 
12 79 99 166 233 
13 80 100 167 234 
14 81 101 168 188 
15 82 102 169 189 
16 83 103 170 190 
17 84 104 171 191 
18 85 105 172 192 
19 86 106 173 193 
20 87 107 174 194 
21 88 108 175 195 
22 89 109 176 196 
23 90 110 177 197 
24 91 111 178 198 
25 92 112 179 199 
26 93 113 180 200 
27 47 114 181 201 
28 48 115 182 202 
29 49 116 183 203 
30 50 117 184 204 
31 51 118 185 205 
32 52 119 186 206 
33 53 120 187 207 
34 54 121 141 208 
35 55 122 142 209 
36 56 123 143 210 
37 57 124 144 211 
38 58 125 145 212 
39 59 126 146 213 
40 60 127 147 214 
41 61 128 148 215 
42 62 129 149 216 
43 63 130 150 217 
44 64 131 151 218 
45 65 132 152 219 
46 66 133 153 220 
0 68 136 157 225 
1 69 137 158 226 
2 70 138 159 227 
3 71 139 160 228 
4 72 140 161 229 
5 73 94 162 230 
6 74 95 163 231 
7 75 96 164 232 
8 76 97 165 233 
9 77 98 166 234 
10 78 99 167 188 
11 79 100 168 189 
12 80 101 169 190 
13 81 102 170 191 
14 82 103 171 192 
15 83 104 172 193 
16 84 105 173 194 
17 85 106 174 195 
18 86 107 175 196 
19 87 108 176 197 
20 88 109 177 198 
21 89 110 178 199 
22 90 111 179 200 
23 91 112 180 201 
24 92 113 181 202 
25 93 114 182 203 
26 47 115 183 204 
27 48 116 184 205 
28 49 117 185 206 
29 50 118 186 207 
30 51 119 187 208 
31 52 120 141 209 
32 53 121 142 210 
33 54 122 143 211 
34 55 123 144 212 
35 56 124 145 213 
36 57 125 146 214 
37 58 126 147 215 
38 59 127 148 216 
39 60 128 149 217 
40 61 129 150 218 
41 62 130 151 219 
42 63 131 152 220 
43 64 132 153 221 
44 65 133 154 222 
45 66 134 155 223 
46 67 135 156 224 
0 69 138 160 229 
1 70 139 161 230 
2 71 140 162 231 
3 72 94 163 232 
4 73 95 164 233 
5 74 96 165 234 
6 75 97 166 188 
7 76 98 167 189 
8 77 99 168 190 
9 78 100 169 191 
10 79 101 170 192 
11 80 102 171 193 
12 81 103 172 194 
13 82 104 173 195 
14 83 105 174 196 
15 84 106 175 197 
16 85 107 176 198 
17 86 108 177 199 
18 87 109 178 200 
19 88 110 179 201 
20 89 111 180 202 
21 90 112 181 203 
22 91 113 182 204 
23 92 114 183 205 
24 93 115 184 206 
25 47 116 185 207 
26 48 117 186 208 
27 49 118 187 209 
28 50 119 141 210 
29 51 120 142 211 
30 52 121 143 212 
31 53 122 144 213 
32 54 123 145 214 
33 55 124 146 215 
34 56 125 147 216 
35 57 126 148 217 
36 58 127 149 218 
37 59 128 150 219 
38 60 129 151 220 
39 61 130 152 221 
40 62 131 153 222 
41 63 132 154 223 
42 64 133 155 224 
43 65 134 156 225 
44 66 135 157 226 
45 67 136 158 227 
46 68 137 159 228 
0 70 140 163 233 
1 71 94 164 234 
2 72 95 165 188 
3 73 96 166 189 
4 74 97 167 190 
5 75 98 168 191 
6 76 99 169 192 
7 77 100 170 193 
8 78 101 171 194 
9 79 102 172 195 
10 80 103 173 196 
11 81 104 174 197 
12 82 105 175 198 
13 83 106 176 199 
14 84 107 177 200 
15 85 108 178 201 
16 86 109 179 202 
17 87 110 180 203 
18 88 111 181 204 
19 89 112 182 205 
20 90 113 183 206 
21 91 114 184 207 
22 92 115 185 208 
23 93 116 186 209 
24 47 117 187 210 
25 48 118 141 211 
26 49 119 142 212 
27 50 120 143 213 
28 51 121 144 214 
29 52 122 145 215 
30 53 123 146 216 
31 54 124 147 217 
32 55 125 148 218 
33 56 126 149 219 
34 57 127 150 220 
35 58 128 151 221 
36 59 129 152 222 
37 60 130 153 223 
38 61 131 154 224 
39 62 132 155 225 
40 63 133 156 226 
41 64 134 157 227 
42 65 135 158 228 
43 66 136 159 229 
44 67 137 160 230 
45 68 138 161 231 
46 69 139 162 232 
0 71 95 166 190 
1 72 96 167 191 
2 73 97 168 192 
3 74 98 169 193 
4 75 99 170 194 
5 76 100 171 195 
6 77 101 172 196 
7 78 102 173 197 
8 79 103 174 198 
9 80 104 175 199 
10 81 105 176 200 
11 82 106 177 201 
12 83 107 178 202 
13 84 108 179 203 
14 85 109 180 204 
15 86 110 181 205 
16 87 111 182 206 
17 88 112 183 207 
18 89 113 184 208 
19 90 114 185 209 
20 91 115 186 210 
21 92 116 187 211 
22 93 117 141 212 
23 47 118 142 213 
24 48 119 143 214 
25 49 120 144 215 
26 50 121 145 216 
27 51 122 146 217 
28 52 123 147 218 
29 53 124 148 219 
30 54 125 149 220 
31 55 126 150 221 
32 56 127 151 222 
33 57 128 152 223 
34 58 129 153 224 
35 59 130 154 225 
36 60 131 155 226 
37 61 132 156 227 
38 62 133 157 228 
39 63 134 158 229 
40 64 135 159 230 
41 65 136 160 231 
42 66 137 161 232 
43 67 138 162 233 
44 68 139 163 234 
45 69 140 164 188 
46 70 94 165 189 
0 72 97 169 194 
1 73 98 170 195 
2 74 99 171 196 
3 75 100 172 197 
4 76 101 173 198 
5 77 102 174 199 
6 78 103 175 200 
7 79 104 176 201 
8 80 105 177 202 
9 81 106 178 203 
10 82 107 179 204 
11 83 108 180 205 
12 84 109 181 206 
13 85 110 182 207 
14 86 111 183 208 
15 87 112 184 209 
16 88 113 185 210 
17 89 114 186 211 
18 90 115 187 212 
19 91 116 141 213 
20 92 117 142 214 
21 93 118 143 215 
22 47 119 144 216 
23 48 120 145 217 
24 49 121 146 218 
25 50 122 147 219 
26 51 123 148 220 
27 52 124 149 221 
28 53 125 150 222 
29 54 126 151 223 
30 55 127 152 224 
31 56 128 153 225 
32 57 129 154 226 
33 58 130 155 227 
34 59 131 156 228 
35 60 132 157 229 
36 61 133 158 230 
37 62 134 159 231 
38 63 135 160 232 
39 64 136 161 233 
40 65 137 162 234 
41 66 138 163 188 
42 67 139 164 189 
43 68 140 165 190 
44 69 94 166 191 
45 70 95 167 192 
46 71 96 168 193 
0 73 99 172 198 
1 74 100 173 199 
2 75 101 174 200 
3 76 102 175 201 
4 77 103 176 202 
5 78 104 177 203 
6 79 105 178 204 
7 80 106 179 205 
8 81 107 180 206 
9 82 108 181 207 
10 83 109 182 208 
11 84 110 183 209 
12 85 111 184 210 
13 86 112 185 211 
14 87 113 186 212 
15 88 114 187 213 
16 89 115 141 214 
17 90 116 142 215 
18 91 117 143 216 
19 92 118 144 217 
20 93 119 145 218 
21 47 120 146 219 
22 48 121 147 220 
23 49 122 148 221 
24 50 123 149 222 
25 51 124 150 223 
26 52 125 151 224 
27 53 126 152 225 
28 54 127 153 226 
29 55 128 154 227 
30 56 129 155 228 
31 57 130 156 229 
32 58 131 157 230 
33 59 132 158 231 
34 60 133 159 232 
35 61 134 160 233 
36 62 135 161 234 
37 63 136 162 188 
38 64 137 163 189 
39 65 138 164 190 
40 66 139 165 191 
41 67 140 166 192 
42 68 94 167 193 
43 69 95 168 194 
44 70 96 169 195 
45 71 97 170 196 
46 72 98 171 197 
0 74 101 175 202 
1 75 102 176 203 
2 76 103 177 204 
3 77 104 178 205 
4 78 105 179 206 
5 79 106 180 207 
6 80 107 181 208 
7 81 108 182 209 
8 82 109 183 210 
9 83 110 184 211 
10 84 111 185 212 
11 85 112 186 213 
12 86 113 187 214 
13 87 114 141 215 
14 88 115 142 216 
15 89 116 143 217 
16 90 117 144 218 
17 91 118 145 219 
18 92 119 146 220 
19 93 120 147 221 
20 47 121 148 222 
21 48 122 149 223 
22 49 123 150 224 
23 50 124 151 225 
24 51 125 152 226 
25 52 126 153 227 
26 53 127 154 228 
27 54 128 155 229 
28 55 129 156 230 
29 56 130 157 231 
30 57 131 158 232 
31 58 132 159 233 
32 59 133 160 234 
33 60 134 161 188 
34 61 135 162 189 
35 62 136 163 190 
36 63 137 164 191 
37 64 138 165 192 
38 65 139 166 193 
39 66 140 167 194 
40 67 94 168 195 
41 68 95 169 196 
42 69 96 170 197 
43 70 97 171 198 
44 71 98 172 199 
45 72 99 173 200 
46 73 100 174 201 
0 75 103 178 206 
1 76 104 179 207 
2 77 105 180 208 
3 78 106 181 209 
4 79 107 182 210 
5 80 108 183 211 
6 81 109 184 212 
7 82 110 185 213 
8 83 111 186 214 
9 84 112 187 215 
10 85 113 141 216 
11 86 114 142 217 
12 87 115 143 218 
13 88 116 144 219 
14 89 117 145 220 
15 90 118 146 221 
16 91 119 147 222 
17 92 120 148 223 
18 93 121 149 224 
19 47 122 150 225 
20 48 123 151 226 
21 49 124 152 227 
22 50 125 153 228 
23 51 126 154 229 
24 52 127 155 230 
25 53 128 156 231 
26 54 129 157 232 
27 55 130 158 233 
28 56 131 159 234 
29 57 132 160 188 
30 58 133 161 189 
31 59 134 162 190 
32 60 135 163 191 
33 61 136 164 192 
34 62 137 165 193 
35 63 138 166 194 
36 64 139 167 195 
37 65 140 168 196 
38 66 94 169 197 
39 67 95 170 198 
40 68 96 171 199 
41 69 97 172 200 
42 70 98 173 201 
43 71 99 174 202 
44 72 100 175 203 
45 73 101 176 204 
46 74 102 177 205 
0 76 105 181 210 
1 77 106 182 211 
2 78 107 183 212 
3 79 108 184 213 
4 80 109 185 214 
5 81 110 186 215 
6 82 111 187 216 
7 83 112 141 217 
8 84 113 142 218 
9 85 114 143 219 
10 86 115 144 220 
11 87 116 145 221 
12 88 117 146 222 
13 89 118 147 223 
14 90 119 148 224 
15 91 120 149 225 
16 92 121 150 226 
17 93 122 151 227 
18 47 123 152 228 
19 48 124 153 229 
20 49 125 154 230 
21 50 126 155 231 
22 51 127 156 232 
23 52 128 157 233 
24 53 129 158 234 
25 54 130 159 188 
26 55 131 160 189 
27 56 132 161 190 
28 57 133 162 191 
29 58 134 163 192 
30 59 135 164 193 
31 60 136 165 194 
32 61 137 166 195 
33 62 138 167 196 
34 63 139 168 197 
35 64 140 169 198 
36 65 94 170 199 
37 66 95 171 200 
38 67 96 172 201 
39 68 97 173 202 
40 69 98 174 203 
41 70 99 175 204 
42 71 100 176 205 
43 72 101 177 206 
44 73 102 178 207 
45 74 103 179 208 
46 75 104 180 209 
0 77 107 184 214 
1 78 108 185 215 
2 79 109 186 216 
3 80 110 187 217 
4 81 111 141 218 
5 82 112 142 219 
6 83 113 143 220 
7 84 114 144 221 
8 85 115 145 222 
9 86 116 146 223 
10 87 117 147 224 
11 88 118 148 225 
12 89 119 149 226 
13 90 120 150 227 
14 91 121 151 228 
15 92 122 152 229 
16 93 123 153 230 
17 47 124 154 231 
18 48 125 155 232 
19 49 126 156 233 
20 50 127 157 234 
21 51 128 158 188 
22 52 129 159 189 
23 53 130 160 190 
24 54 131 161 191 
25 55 132 162 192 
26 56 133 163 193 
27 57 134 164 194 
28 58 135 165 195 
29 59 136 166 196 
30 60 137 167 197 
31 61 138 168 198 
32 62 139 169 199 
33 63 140 170 200 
34 64 94 171 201 
35 65 95 172 202 
36 66 96 173 203 
37 67 97 174 204 
38 68 98 175 205 
39 69 99 176 206 
40 70 100 177 207 
41 71 101 178 208 
42 72 102 179 209 
43 73 103 180 210 
44 74 104 181 211 
45 75 105 182 212 
46 76 106 183 213 
0 78 109 187 218 
1 79 110 141 219 
2 80 111 142 220 
3 81 112 143 221 
4 82 113 144 222 
5 83 114 145 223 
6 84 115 146 224 
7 85 116 147 225 
8 86 117 148 226 
9 87 118 149 227 
10 88 119 150 228 
11 89 120 151 229 
12 90 121 152 230 
13 91 122 153 231 
14 92 123 154 232 
15 93 124 155 233 
16 47 125 156 234 
17 48 126 157 188 
18 49 127 158 189 
19 50 128 159 190 
20 51 129 160 191 
21 52 130 161 192 
22 53 131 162 193 
23 54 132 163 194 
24 55 133 164 195 
25 56 134 165 196 
26 57 135 166 197 
27 58 136 167 198 
28 59 137 168 199 
29 60 138 169 200 
30 61 139 170 201 
31 62 140 171 202 
32 63 94 172 203 
33 64 95 173 204 
34 65 96 174 205 
35 66 97 175 206 
36 67 98 176 207 
37 68 99 177 208 
38 69 100 178 209 
39 70 101 179 210 
40 71 102 180 211 
41 72 103 181 212 
42 73 104 182 213 
43 74 105 183 214 
44 75 106 184 215 
45 76 107 185 216 
46 77 108 186 217 
0 79 111 143 222 
1 80 112 144 223 
2 81 113 145 224 
3 82 114 146 225 
4 83 115 147 226 
5 84 116 148 227 
6 85 117 149 228 
7 86 118 150 229 
8 87 119 151 230 
9 88 120 152 231 
10 89 121 153 232 
11 90 122 154 233 
12 91 123 155 234 
13 92 124 156 188 
14 93 125 157 189 
15 47 126 158 190 
16 48 127 159 191 
17 49 128 160 192 
18 50 129 161 193 
19 51 130 162 194 
20 52 131 163 195 
21 53 132 164 196 
22 54 133 165 197 
23 55 134 166 198 
24 56 135 167 199 
25 57 136 168 200 
26 58 137 169 201 
27 59 138 170 202 
28 60 139 171 203 
29 61 140 172 204 
30 62 94 173 205 
31 63 95 174 206 
32 64 96 175 207 
33 65 97 176 208 
34 66 98 177 209 
35 67 99 178 210 
36 68 100 179 211 
37 69 101 180 212 
38 70 102 181 213 
39 71 103 182 214 
40 72 104 183 215 
41 73 105 184 216 
42 74 106 185 217 
43 75 107 186 218 
44 76 108 187 219 
45 77 109 141 220 
46 78 110 142 221 
0 80 113 146 226 
1 81 114 147 227 
2 82 115 148 228 
3 83 116 149 229 
4 84 117 150 230 
5 85 118 151 231 
6 86 119 152 232 
7 87 120 153 233 
8 88 121 154 234 
9 89 122 155 188 
10 90 123 156 189 
11 91 124 157 190 
12 92 125 158 191 
13 93 126 159 192 
14 47 127 160 193 
15 48 128 161 194 
16 49 129 162 195 
17 50 130 163 196 
18 51 131 164 197 
19 52 132 165 198 
20 53 133 166 199 
21 54 134 167 200 
22 55 135 168 201 
23 56 136 169 202 
24 57 137 170 203 
25 58 138 171 204 
26 59 139 172 205 
27 60 140 173 206 
28 61 94 174 207 
29 62 95 175 208 
30 63 96 176 209 
31 64 97 177 210 
32 65 98 178 211 
33 66 99 179 212 
34 67 100 180 213 
35 68 101 181 214 
36 69 102 182 215 
37 70 103 183 216 
38 71 104 184 217 
39 72 105 185 218 
40 73 106 186 219 
41 74 107 187 220 
42 75 108 141 221 
43 76 109 142 222 
44 77 110 143 223 
45 78 111 144 224 
46 79 112 145 225 
0 81 115 149 230 
1 82 116 150 231 
2 83 117 151 232 
3 84 118 152 233 
4 85 119 153 234 
5 86 120 154 188 
6 87 121 155 189 
7 88 122 156 190 
8 89 123 157 191 
9 90 124 158 192 
10 91 125 159 193 
11 92 126 160 194 
12 93 127 161 195 
13 47 128 162 196 
14 48 129 163 197 
15 49 130 164 198 
16 50 131 165 199 
17 51 132 166 200 
18 52 133 167 201 
19 53 134 168 202 
20 54 135 169 203 
21 55 136 170 204 
22 56 137 171 205 
23 57 138 172 206 
24 58 139 173 207 
25 59 140 174 208 
26 60 94 175 209 
27 61 95 176 210 
28 62 96 177 211 
29 63 97 178 212 
30 64 98 179 213 
31 65 99 180 214 
32 66 100 181 215 
33 67 101 182 216 
34 68 102 183 217 
35 69 103 184 218 
36 70 104 185 219 
37 71 105 186 220 
38 72 106 187 221 
39 73 107 141 222 
40 74 108 142 223 
41 75 109 143 224 
42 76 110 144 225 
43 77 111 145 226 
44 78 112 146 227 
45 79 113 147 228 
46 80 114 148 229 
0 82 117 152 234 
1 83 118 153 188 
2 84 119 154 189 
3 85 120 155 190 
4 86 121 156 191 
5 87 122 157 192 
6 88 123 158 193 
7 89 124 159 194 
8 90 125 160 195 
9 91 126 161 196 
10 92 127 162 197 
11 93 128 163 198 
12 47 129 164 199 
13 48 130 165 200 
14 49 131 166 201 
15 50 132 167 202 
16 51 133 168 203 
17 52 134 169 204 
18 53 135 170 205 
19 54 136 171 206 
20 55 137 172 207 
21 56 138 173 208 
22 57 139 174 209 
23 58 140 175 210 
24 59 94 176 211 
25 60 95 177 212 
26 61 96 178 213 
27 62 97 179 214 
28 63 98 180 215 
29 64 99 181 216 
30 65 100 182 217 
31 66 101 183 218 
32 67 102 184 219 
33 68 103 185 220 
34 69 104 186 221 
35 70 105 187 222 
36 71 106 141 223 
37 72 107 142 224 
38 73 108 143 225 
39 74 109 144 226 
40 75 110 145 227 
41 76 111 146 228 
42 77 112 147 229 
43 78 113 148 230 
44 79 114 149 231 
45 80 115 150 232 
46 81 116 151 233 
0 83 119 155 191 
1 84 120 156 192 
2 85 121 157 193 
3 86 122 158 194 
4 87 123 159 195 
5 88 124 160 196 
6 89 125 161 197 
7 90 126 162 198 
8 91 127 163 199 
9 92 128 164 200 
10 93 129 165 201 
11 47 130 166 202 
12 48 131 167 203 
13 49 132 168 204 
14 50 133 169 205 
15 51 134 170 206 
16 52 135 171 207 
17 53 136 172 208 
18 54 137 173 209 
19 55 138 174 210 
20 56 139 175 211 
21 57 140 176 212 
22 58 94 177 213 
23 59 95 178 214 
24 60 96 179 215 
25 61 97 180 216 
26 62 98 181 217 
27 63 99 182 218 
28 64 100 183 219 
29 65 101 184 220 
30 66 102 185 221 
31 67 103 186 222 
32 68 104 187 223 
33 69 105 141 224 
34 70 106 142 225 
35 71 107 143 226 
36 72 108 144 227 
37 73 109 145 228 
38 74 110 146 229 
39 75 111 147 230 
40 76 112 148 231 
41 77 113 149 232 
42 78 114 150 233 
43 79 115 151 234 
44 80 116 152 188 
45 81 117 153 189 
46 82 118 154 190 
0 84 121 158 195 
1 85 122 159 196 
2 86 123 160 197 
3 87 124 161 198 
4 88 125 162 199 
5 89 126 163 200 
6 90 127 164 201 
7 91 128 165 202 
8 92 129 166 203 
9 93 130 167 204 
10 47 131 168 205 
11 48 132 169 206 
12 49 133 170 207 
13 50 134 171 208 
14 51 135 172 209 
15 52 136 173 210 
16 53 137 174 211 
17 54 138 175 212 
18 55 139 176 213 
19 56 140 177 214 
20 57 94 178 215 
21 58 95 179 216 
22 59 96 180 217 
23 60 97 181 218 
24 61 98 182 219 
25 62 99 183 220 
26 63 100 184 221 
27 64 101 185 222 
28 65 102 186 223 
29 66 103 187 224 
30 67 104 141 225 
31 68 105 142 226 
32 69 106 143 227 
33 70 107 144 228 
34 71 108 145 229 
35 72 109 146 230 
36 73 110 147 231 
37 74 111 148 232 
38 75 112 149 233 
39 76 113 150 234 
40 77 114 151 188 
41 78 115 152 189 
42 79 116 153 190 
43 80 117 154 191 
44 81 118 155 192 
45 82 119 156 193 
46 83 120 157 194 
0 85 123 161 199 
1 86 124 162 200 
2 87 125 163 201 
3 88 126 164 202 
4 89 127 165 203 
5 90 128 166 204 
6 91 129 167 205 
7 92 130 168 206 
8 93 131 169 207 
9 47 132 170 208 
10 48 133 171 209 
11 49 134 172 210 
12 50 135 173 211 
13 51 136 174 212 
14 52 137 175 213 
15 53 138 176 214 
16 54 139 177 215 
17 55 140 178 216 
18 56 94 179 217 
19 57 95 180 218 
20 58 96 181 219 
21 59 97 182 220 
22 60 98 183 221 
23 61 99 184 222 
24 62 100 185 223 
25 63 101 186 224 
26 64 102 187 225 
27 65 103 141 226 
28 66 104 142 227 
29 67 105 143 228 
30 68 106 144 229 
31 69 107 145 230 
32 70 108 146 231 
33 71 109 147 232 
34 72 110 148 233 
35 73 111 149 234 
36 74 112 150 188 
37 75 113 151 189 
38 76 114 152 190 
39 77 115 153 191 
40 78 116 154 192 
41 79 117 155 193 
42 80 118 156 194 
43 81 119 157 195 
44 82 120 158 196 
45 83 121 159 197 
46 84 122 160 198 
0 86 125 164 203 
1 87 126 165 204 
2 88 127 166 205 
3 89 128 167 206 
4 90 129 168 207 
5 91 130 169 208 
6 92 131 170 209 
7 93 132 171 210 
8 47 133 172 211 
9 48 134 173 212 
10 49 135 174 213 
11 50 136 175 214 
12 51 137 176 215 
13 52 138 177 216 
14 53 139 178 217 
15 54 140 179 218 
16 55 94 180 219 
17 56 95 181 220 
18 57 96 182 221 
19 58 97 183 222 
20 59 98 184 223 
21 60 99 185 224 
22 61 100 186 225 
23 62 101 187 226 
24 63 102 141 227 
25 64 103 142 228 
26 65 104 143 229 
27 66 105 144 230 
28 67 106 145 231 
29 68 107 146 232 
30 69 108 147 233 
31 70 109 148 234 
32 71 110 149 188 
33 72 111 150 189 
34 73 112 151 190 
35 74 113 152 191 
36 75 114 153 192 
37 76 115 154 193 
38 77 116 155 194 
39 78 117 156 195 
40 79 118 157 196 
41 80 119 158 197 
42 81 120 159 198 
43 82 121 160 199 
44 83 122 161 200 
45 84 123 162 201 
46 85 124 163 202 
0 87 127 167 207 
1 88 128 168 208 
2 89 129 169 209 
3 90 130 170 210 
4 91 131 171 211 
5 92 132 172 212 
6 93 133 173 213 
7 47 134 174 214 
8 48 135 175 215 
9 49 136 176 216 
10 50 137 177 217 
11 51 138 178 218 
12 52 139 179 219 
13 53 140 180 220 
14 54 94 181 221 
15 55 95 182 222 
16 56 96 183 223 
17 57 97 184 224 
18 58 98 185 225 
19 59 99 186 226 
20 60 100 187 227 
21 61 101 141 228 
22 62 102 142 229 
23 63 103 143 230 
24 64 104 144 231 
25 65 105 145 232 
26 66 106 146 233 
27 67 107 147 234 
28 68 108 148 188 
29 69 109 149 189 
30 70 110 150 190 
31 71 111 151 191 
32 72 112 152 192 
33 73 113 153 193 
34 74 114 154 194 
35 75 115 155 195 
36 76 116 156 196 
37 77 117 157 197 
38 78 118 158 198 
39 79 119 159 199 
40 80 120 160 200 
41 81 121 161 201 
42 82 122 162 202 
43 83 123 163 203 
44 84 124 164 204 
45 85 125 165 205 
46 86 126 166 206 
0 88 129 170 211 
1 89 130 171 212 
2 90 131 172 213 
3 91 132 173 214 
4 92 133 174 215 
5 93 134 175 216 
6 47 135 176 217 
7 48 136 177 218 
8 49 137 178 219 
9 50 138 179 220 
10 51 139 180 221 
11 52 140 181 222 
12 53 94 182 223 
13 54 95 183 224 
14 55 96 184 225 
15 56 97 185 226 
16 57 98 186 227 
17 58 99 187 228 
18 59 100 141 229 
19 60 101 142 230 
20 61 102 143 231 
21 62 103 144 232 
22 63 104 145 233 
23 64 105 146 234 
24 65 106 147 188 
25 66 107 148 189 
26 67 108 149 190 
27 68 109 150 191 
28 69 110 151 192 
29 70 111 152 193 
30 71 112 153 194 
31 72 113 154 195 
32 73 114 155 196 
33 74 115 156 197 
34 75 116 157 198 
35 76 117 158 199 
36 77 118 159 200 
37 78 119 160 201 
38 79 120 161 202 
39 80 121 162 203 
40 81 122 163 204 
41 82 123 164 205 
42 83 124 165 206 
43 84 125 166 207 
44 85 126 167 208 
45 86 127 168 209 
46 87 128 169 210 
0 89 131 173 215 
1 90 132 174 216 
2 91 133 175 217 
3 92 134 176 218 
4 93 135 177 219 
5 47 136 178 220 
6 48 137 179 221 
7 49 138 180 222 
8 50 139 181 223 
9 51 140 182 224 
10 52 94 183 225 
11 53 95 184 226 
12 54 96 185 227 
13 55 97 186 228 
14 56 98 187 229 
15 57 99 141 230 
16 58 100 142 231 
17 59 101 143 232 
18 60 102 144 233 
19 61 103 145 234 
20 62 104 146 188 
21 63 105 147 189 
22 64 106 148 190 
23 65 107 149 191 
24 66 108 150 192 
25 67 109 151 193 
26 68 110 152 194 
27 69 111 153 195 
28 70 112 154 196 
29 71 113 155 197 
30 72 114 156 198 
31 73 115 157 199 
32 74 116 158 200 
33 75 117 159 201 
34 76 118 160 202 
35 77 119 161 203 
36 78 120 162 204 
37 79 121 163 205 
38 80 122 164 206 
39 81 123 165 207 
40 82 124 166 208 
41 83 125 167 209 
42 84 126 168 210 
43 85 127 169 211 
44 86 128 170 212 
45 87 129 171 213 
46 88 130 172 214 
0 90 133 176 219 
1 91 134 177 220 
2 92 135 178 221 
3 93 136 179 222 
4 47 137 180 223 
5 48 138 181 224 
6 49 139 182 225 
7 50 140 183 226 
8 51 94 184 227 
9 52 95 185 228 
10 53 96 186 229 
11 54 97 187 230 
12 55 98 141 231 
13 56 99 142 232 
14 57 100 143 233 
15 58 101 144 234 
16 59 102 145 188 
17 60 103 146 189 
18 61 104 147 190 
19 62 105 148 191 
20 63 106 149 192 
21 64 107 150 193 
22 65 108 151 194 
23 66 109 152 195 
24 67 110 153 196 
25 68 111 154 197 
26 69 112 155 198 
27 70 113 156 199 
28 71 114 157 200 
29 72 115 158 201 
30 73 116 159 202 
31 74 117 160 203 
32 75 118 161 204 
33 76 119 162 205 
34 77 120 163 206 
35 78 121 164 207 
36 79 122 165 208 
37 80 123 166 209 
38 81 124 167 210 
39 82 125 168 211 
40 83 126 169 212 
41 84 127 170 213 
42 85 128 171 214 
43 86 129 172 215 
44 87 130 173 216 
45 88 131 174 217 
46 89 132 175 218 
0 91 135 179 223 
1 92 136 180 224 
2 93 137 181 225 
3 47 138 182 226 
4 48 139 183 227 
5 49 140 184 228 
6 50 94 185 229 
7 51 95 186 230 
8 52 96 187 231 
9 53 97 141 232 
10 54 98 142 233 
11 55 99 143 234 
12 56 100 144 188 
13 57 101 145 189 
14 58 102 146 190 
15 59 103 147 191 
16 60 104 148 192 
17 61 105 149 193 
18 62 106 150 194 
19 63 107 151 195 
20 64 108 152 196 
21 65 109 153 197 
22 66 110 154 198 
23 67 111 155 199 
24 68 112 156 200 
25 69 113 157 201 
26 70 114 158 202 
27 71 115 159 203 
28 72 116 160 204 
29 73 117 161 205 
30 74 118 162 206 
31 75 119 163 207 
32 76 120 164 208 
33 77 121 165 209 
34 78 122 166 210 
35 79 123 167 211 
36 80 124 168 212 
37 81 125 169 213 
38 82 126 170 214 
39 83 127 171 215 
40 84 128 172 216 
41 85 129 173 217 
42 86 130 174 218 
43 87 131 175 219 
44 88 132 176 220 
45 89 133 177 221 
46 90 134 178 222 
0 92 137 182 227 
1 93 138 183 228 
2 47 139 184 229 
3 48 140 185 230 
4 49 94 186 231 
5 50 95 187 232 
6 51 96 141 233 
7 52 97 142 234 
8 53 98 143 188 
9 54 99 144 189 
10 55 100 145 190 
11 56 101 146 191 
12 57 102 147 192 
13 58 103 148 193 
14 59 104 149 194 
15 60 105 150 195 
16 61 106 151 196 
17 62 107 152 197 
18 63 108 153 198 
19 64 109 154 199 
20 65 110 155 200 
21 66 111 156 201 
22 67 112 157 202 
23 68 113 158 203 
24 69 114 159 204 
25 70 115 160 205 
26 71 116 161 206 
27 72 117 162 207 
28 73 118 163 208 
29 74 119 164 209 
30 75 120 165 210 
31 76 121 166 211 
32 77 122 167 212 
33 78 123 168 213 
34 79 124 169 214 
35 80 125 170 215 
36 81 126 171 216 
37 82 127 172 217 
38 83 128 173 218 
39 84 129 174 219 
40 85 130 175 220 
41 86 131 176 221 
42 87 132 177 222 
43 88 133 178 223 
44 89 134 179 224 
45 90 135 180 225 
46 91 136 181 226 
0 93 139 185 231 
1 47 140 186 232 
2 48 94 187 233 
3 49 95 141 234 
4 50 96 142 188 
5 51 97 143 189 
6 52 98 144 190 
7 53 99 145 191 
8 54 100 146 192 
9 55 101 147 193 
10 56 102 148 194 
11 57 103 149 195 
12 58 104 150 196 
13 59 105 151 197 
14 60 106 152 198 
15 61 107 153 199 
16 62 108 154 200 
17 63 109 155 201 
18 64 110 156 202 
19 65 111 157 203 
20 66 112 158 204 
21 67 113 159 205 
22 68 114 160 206 
23 69 115 161 207 
24 70 116 162 208 
25 71 117 163 209 
26 72 118 164 210 
27 73 119 165 211 
28 74 120 166 212 
29 75 121 167 213 
30 76 122 168 214 
31 77 123 169 215 
32 78 124 170 216 
33 79 125 171 217 
34 80 126 172 218 
35 81 127 173 219 
36 82 128 174 220 
37 83 129 175 221 
38 84 130 176 222 
39 85 131 177 223 
40 86 132 178 224 
41 87 133 179 225 
42 88 134 180 226 
43 89 135 181 227 
44 90 136 182 228 
45 91 137 183 229 
46 92 138 184 230 
0 47 94 141 188 235 282 329 376 423 470 517 564 611 658 705 752 799 846 893 940 987 1034 1081 1128 1175 1222 1269 1316 1363 1410 1457 1504 1551 1598 1645 1692 1739 1786 1833 1880 1927 1974 2021 2068 2115 2162 
1 48 95 142 189 236 283 330 377 424 471 518 565 612 659 706 753 800 847 894 941 988 1035 1082 1129 1176 1223 1270 1317 1364 1411 1458 1505 1552 1599 1646 1693 1740 1787 1834 1881 1928 1975 2022 2069 2116 2163 
2 49 96 143 190 237 284 331 378 425 472 519 566 613 660 707 754 801 848 895 942 989 1036 1083 1130 1177 1224 1271 1318 1365 1412 1459 1506 1553 1600 1647 1694 1741 1788 1835 1882 1929 1976 2023 2070 2117 2164 
3 50 97 144 191 238 285 332 379 426 473 520 567 614 661 708 755 802 849 896 943 990 1037 1084 1131 1178 1225 1272 1319 1366 1413 1460 1507 1554 1601 1648 1695 1742 1789 1836 1883 1930 1977 2024 2071 2118 2165 
4 51 98 145 192 239 286 333 380 427 474 521 568 615 662 709 756 803 850 897 944 991 1038 1085 1132 1179 1226 1273 1320 1367 1414 1461 1508 1555 1602 1649 1696 1743 1790 1837 1884 1931 1978 2025 2072 2119 2166 
5 52 99 146 193 240 287 334 381 428 475 522 569 616 663 710 757 804 851 898 945 992 1039 1086 1133 1180 1227 1274 1321 1368 1415 1462 1509 1556 1603 1650 1697 1744 1791 1838 1885 1932 1979 2026 2073 2120 2167 
6 53 100 147 194 241 288 335 382 429 476 523 570 617 664 711 758 805 852 899 946 993 1040 1087 1134 1181 1228 1275 1322 1369 1416 1463 1510 1557 1604 1651 1698 1745 1792 1839 1886 1933 1980 2027 2074 2121 2168 
7 54 101 148 195 242 289 336 383 430 477 524 571 618 665 712 759 806 853 900 947 994 1041 1088 1135 1182 1229 1276 1323 1370 1417 1464 1511 1558 1605 1652 1699 1746 1793 1840 1887 1934 1981 2028 2075 2122 2169 
8 55 102 149 196 243 290 337 384 431 478 525 572 619 666 713 760 807 854 901 948 995 1042 1089 1136 1183 1230 1277 1324 1371 1418 1465 1512 1559 1606 1653 1700 1747 1794 1841 1888 1935 1982 2029 2076 2123 2170 
9 56 103 150 197 244 291 338 385 432 479 526 573 620 667 714 761 808 855 902 949 996 1043 1090 1137 1184 1231 1278 1325 1372 1419 1466 1513 1560 1607 1654 1701 1748 1795 1842 1889 1936 1983 2030 2077 2124 2171 
10 57 104 151 198 245 292 339 386 433 480 527 574 621 668 715 762 809 856 903 950 997 1044 1091 1138 1185 1232 1279 1326 1373 1420 1467 1514 1561 1608 1655 1702 1749 1796 1843 1890 1937 1984 2031 2078 2125 2172 
11 58 105 152 199 246 293 340 387 434 481 528 575 622 669 716 763 810 857 904 951 998 1045 1092 1139 1186 1233 1280 1327 1374 1421 1468 1515 1562 1609 1656 1703 1750 1797 1844 1891 1938 1985 2032 2079 2126 2173 
12 59 106 153 200 247 294 341 388 435 482 529 576 623 670 717 764 811 858 905 952 999 1046 1093 1140 1187 1234 1281 1328 1375 1422 1469 1516 1563 1610 1657 1704 1751 1798 1845 1892 1939 1986 2033 2080 2127 2174 
13 60 107 154 201 248 295 342 389 436 483 530 577 624 671 718 765 812 859 906 953 1000 1047 1094 1141 1188 1235 1282 1329 1376 1423 1470 1517 1564 1611 1658 1705 1752 1799 1846 1893 1940 1987 2034 2081 2128 2175 
14 61 108 155 202 249 296 343 390 437 484 531 578 625 672 719 766 813 860 907 954 1001 1048 1095 1142 1189 1236 1283 1330 1377 1424 1471 1518 1565 1612 1659 1706 1753 1800 1847 1894 1941 1988 2035 2082 2129 2176 
15 62 109 156 203 250 297 344 391 438 485 532 579 626 673 720 767 814 861 908 955 1002 1049 1096 1143 1190 1237 1284 1331 1378 1425 1472 1519 1566 1613 1660 1707 1754 1801 1848 1895 1942 1989 2036 2083 2130 2177 
16 63 110 157 204 251 298 345 392 439 486 533 580 627 674 721 768 815 862 909 956 1003 1050 1097 1144 1191 1238 1285 1332 1379 1426 1473 1520 1567 1614 1661 1708 1755 1802 1849 1896 1943 1990 2037 2084 2131 2178 
17 64 111 158 205 252 299 346 393 440 487 534 581 628 675 722 769 816 863 910 957 1004 1051 1098 1145 1192 1239 1286 1333 1380 1427 1474 1521 1568 1615 1662 1709 1756 1803 1850 1897 1944 1991 2038 2085 2132 2179 
18 65 112 159 206 253 300 347 394 441 488 535 582 629 676 723 770 817 864 911 958 1005 1052 1099 1146 1193 1240 1287 1334 1381 1428 1475 1522 1569 1616 1663 1710 1757 1804 1851 1898 1945 1992 2039 2086 2133 2180 
19 66 113 160 207 254 301 348 395 442 489 536 583 630 677 724 771 818 865 912 959 1006 1053 1100 1147 1194 1241 1288 1335 1382 1429 1476 1523 1570 1617 1664 1711 1758 1805 1852 1899 1946 1993 2040 2087 2134 2181 
20 67 114 161 208 255 302 349 396 443 490 537 584 631 678 725 772 819 866 913 960 1007 1054 1101 1148 1195 1242 1289 1336 1383 1430 1477 1524 1571 1618 1665 1712 1759 1806 1853 1900 1947 1994 2041 2088 2135 2182 
21 68 115 162 209 256 303 350 397 444 491 538 585 632 679 726 773 820 867 914 961 1008 1055 1102 1149 1196 1243 1290 1337 1384 1431 1478 1525 1572 1619 1666 1713 1760 1807 1854 1901 1948 1995 2042 2089 2136 2183 
22 69 116 163 210 257 304 351 398 445 492 539 586 633 680 727 774 821 868 915 962 1009 1056 1103 1150 1197 1244 1291 1338 1385 1432 1479 1526 1573 1620 1667 1714 1761 1808 1855 1902 1949 1996 2043 2090 2137 2184 
23 70 117 164 211 258 305 352 399 446 493 540 587 634 681 728 775 822 869 916 963 1010 1057 1104 1151 1198 1245 1292 1339 1386 1433 1480 1527 1574 1621 1668 1715 1762 1809 1856 1903 1950 1997 2044 2091 2138 2185 
24 71 118 165 212 259 306 353 400 447 494 541 588 635 682 729 776 823 870 917 964 1011 1058 1105 1152 1199 1246 1293 1340 1387 1434 1481 1528 1575 1622 1669 1716 1763 1810 1857 1904 1951 1998 2045 2092 2139 2186 
25 72 119 166 213 260 307 354 401 448 495 542 589 636 683 730 777 824 871 918 965 1012 1059 1106 1153 1200 1247 1294 1341 1388 1435 1482 1529 1576 1623 1670 1717 1764 1811 1858 1905 1952 1999 2046 2093 2140 2187 
26 73 120 167 214 261 308 355 402 449 496 543 590 637 684 731 778 825 872 919 966 1013 1060 1107 1154 1201 1248 1295 1342 1389 1436 1483 1530 1577 1624 1671 1718 1765 1812 1859 1906 1953 2000 2047 2094 2141 2188 
27 74 121 168 215 262 309 356 403 450 497 544 591 638 685 732 779 826 873 920 967 1014 1061 1108 1155 1202 1249 1296 1343 1390 1437 1484 1531 1578 1625 1672 1719 1766 1813 1860 1907 1954 2001 2048 2095 2142 2189 
28 75 122 169 216 263 310 357 404 451 498 545 592 639 686 733 780 827 874 921 968 1015 1062 1109 1156 1203 1250 1297 1344 1391 1438 1485 1532 1579 1626 1673 1720 1767 1814 1861 1908 1955 2002 2049 2096 2143 2190 
29 76 123 170 217 264 311 358 405 452 499 546 593 640 687 734 781 828 875 922 969 1016 1063 1110 1157 1204 1251 1298 1345 1392 1439 1486 1533 1580 1627 1674 1721 1768 1815 1862 1909 1956 2003 2050 2097 2144 2191 
30 77 124 171 218 265 312 359 406 453 500 547 594 641 688 735 782 829 876 923 970 1017 1064 1111 1158 1205 1252 1299 1346 1393 1440 1487 1534 1581 1628 1675 1722 1769 1816 1863 1910 1957 2004 2051 2098 2145 2192 
31 78 125 172 219 266 313 360 407 454 501 548 595 642 689 736 783 830 877 924 971 1018 1065 1112 1159 1206 1253 1300 1347 1394 1441 1488 1535 1582 1629 1676 1723 1770 1817 1864 1911 1958 2005 2052 2099 2146 2193 
32 79 126 173 220 267 314 361 408 455 502 549 596 643 690 737 784 831 878 925 972 1019 1066 1113 1160 1207 1254 1301 1348 1395 1442 1489 1536 1583 1630 1677 1724 1771 1818 1865 1912 1959 2006 2053 2100 2147 2194 
33 80 127 174 221 268 315 362 409 456 503 550 597 644 691 738 785 832 879 926 973 1020 1067 1114 1161 1208 1255 1302 1349 1396 1443 1490 1537 1584 1631 1678 1725 1772 1819 1866 1913 1960 2007 2054 2101 2148 2195 
34 81 128 175 222 269 316 363 410 457 504 551 598 645 692 739 786 833 880 927 974 1021 1068 1115 1162 1209 1256 1303 1350 1397 1444 1491 1538 1585 1632 1679 1726 1773 1820 1867 1914 1961 2008 2055 2102 2149 2196 
35 82 129 176 223 270 317 364 411 458 505 552 599 646 693 740 787 834 881 928 975 1022 1069 1116 1163 1210 1257 1304 1351 1398 1445 1492 1539 1586 1633 1680 1727 1774 1821 1868 1915 1962 2009 2056 2103 2150 2197 
36 83 130 177 224 271 318 365 412 459 506 553 600 647 694 741 788 835 882 929 976 1023 1070 1117 1164 1211 1258 1305 1352 1399 1446 1493 1540 1587 1634 1681 1728 1775 1822 1869 1916 1963 2010 2057 2104 2151 2198 
37 84 131 178 225 272 319 366 413 460 507 554 601 648 695 742 789 836 883 930 977 1024 1071 1118 1165 1212 1259 1306 1353 1400 1447 1494 1541 1588 1635 1682 1729 1776 1823 1870 1917 1964 2011 2058 2105 2152 2199 
38 85 132 179 226 273 320 367 414 461 508 555 602 649 696 743 790 837 884 931 978 1025 1072 1119 1166 1213 1260 1307 1354 1401 1448 1495 1542 1589 1636 1683 1730 1777 1824 1871 1918 1965 2012 2059 2106 2153 2200 
39 86 133 180 227 274 321 368 415 462 509 556 603 650 697 744 791 838 885 932 979 1026 1073 1120 1167 1214 1261 1308 1355 1402 1449 1496 1543 1590 1637 1684 1731 1778 1825 1872 1919 1966 2013 2060 2107 2154 2201 
40 87 134 181 228 275 322 369 416 463 510 557 604 651 698 745 792 839 886 933 980 1027 1074 1121 1168 1215 1262 1309 1356 1403 1450 1497 1544 1591 1638 1685 1732 1779 1826 1873 1920 1967 2014 2061 2108 2155 2202 
41 88 135 182 229 276 323 370 417 464 511 558 605 652 699 746 793 840 887 934 981 1028 1075 1122 1169 1216 1263 1310 1357 1404 1451 1498 1545 1592 1639 1686 1733 1780 1827 1874 1921 1968 2015 2062 2109 2156 2203 
42 89 136 183 230 277 324 371 418 465 512 559 606 653 700 747 794 841 888 935 982 1029 1076 1123 1170 1217 1264 1311 1358 1405 1452 1499 1546 1593 1640 1687 1734 1781 1828 1875 1922 1969 2016 2063 2110 2157 2204 
43 90 137 184 231 278 325 372 419 466 513 560 607 654 701 748 795 842 889 936 983 1030 1077 1124 1171 1218 1265 1312 1359 1406 1453 1500 1547 1594 1641 1688 1735 1782 1829 1876 1923 1970 2017 2064 2111 2158 2205 
44 91 138 185 232 279 326 373 420 467 514 561 608 655 702 749 796 843 890 937 984 1031 1078 1125 1172 1219 1266 1313 1360 1407 1454 1501 1548 1595 1642 1689 1736 1783 1830 1877 1924 1971 2018 2065 2112 2159 2206 
45 92 139 186 233 280 327 374 421 468 515 562 609 656 703 750 797 844 891 938 985 1032 1079 1126 1173 1220 1267 1314 1361 1408 1455 1502 1549 1596 1643 1690 1737 1784 1831 1878 1925 1972 2019 2066 2113 2160 2207 
46 93 140 187 234 281 328 375 422 469 516 563 610 657 704 751 798 845 892 939 986 1033 1080 1127 1174 1221 1268 1315 1362 1409 1456 1503 1550 1597 1644 1691 1738 1785 1832 1879 1926 1973 2020 2067 2114 2161 2208 
0 93 139 185 231 277 323 369 415 461 507 553 599 645 691 737 783 829 875 921 967 1013 1059 1105 1151 1197 1243 1289 1335 1381 1427 1473 1519 1565 1611 1657 1703 1749 1795 1841 1887 1933 1979 2025 2071 2117 2163 
1 47 140 186 232 278 324 370 416 462 508 554 600 646 692 738 784 830 876 922 968 1014 1060 1106 1152 1198 1244 1290 1336 1382 1428 1474 1520 1566 1612 1658 1704 1750 1796 1842 1888 1934 1980 2026 2072 2118 2164 
2 48 94 187 233 279 325 371 417 463 509 555 601 647 693 739 785 831 877 923 969 1015 1061 1107 1153 1199 1245 1291 1337 1383 1429 1475 1521 1567 1613 1659 1705 1751 1797 1843 1889 1935 1981 2027 2073 2119 2165 
3 49 95 141 234 280 326 372 418 464 510 556 602 648 694 740 786 832 878 924 970 1016 1062 1108 1154 1200 1246 1292 1338 1384 1430 1476 1522 1568 1614 1660 1706 1752 1798 1844 1890 1936 1982 2028 2074 2120 2166 
4 50 96 142 188 281 327 373 419 465 511 557 603 649 695 741 787 833 879 925 971 1017 1063 1109 1155 1201 1247 1293 1339 1385 1431 1477 1523 1569 1615 1661 1707 1753 1799 1845 1891 1937 1983 2029 2075 2121 2167 
5 51 97 143 189 235 328 374 420 466 512 558 604 650 696 742 788 834 880 926 972 1018 1064 1110 1156 1202 1248 1294 1340 1386 1432 1478 1524 1570 1616 1662 1708 1754 1800 1846 1892 1938 1984 2030 2076 2122 2168 
6 52 98 144 190 236 282 375 421 467 513 559 605 651 697 743 789 835 881 927 973 1019 1065 1111 1157 1203 1249 1295 1341 1387 1433 1479 1525 1571 1617 1663 1709 1755 1801 1847 1893 1939 1985 2031 2077 2123 2169 
7 53 99 145 191 237 283 329 422 468 514 560 606 652 698 744 790 836 882 928 974 1020 1066 1112 1158 1204 1250 1296 1342 1388 1434 1480 1526 1572 1618 1664 1710 1756 1802 1848 1894 1940 1986 2032 2078 2124 2170 
8 54 100 146 192 238 284 330 376 469 515 561 607 653 699 745 791 837 883 929 975 1021 1067 1113 1159 1205 1251 1297 1343 1389 1435 1481 1527 1573 1619 1665 1711 1757 1803 1849 1895 1941 1987 2033 2079 2125 2171 
9 55 101 147 193 239 285 331 377 423 516 562 608 654 700 746 792 838 884 930 976 1022 1068 1114 1160 1206 1252 1298 1344 1390 1436 1482 1528 1574 1620 1666 1712 1758 1804 1850 1896 1942 1988 2034 2080 2126 2172 
10 56 102 148 194 240 286 332 378 424 470 563 609 655 701 747 793 839 885 931 977 1023 1069 1115 1161 1207 1253 1299 1345 1391 1437 1483 1529 1575 1621 1667 1713 1759 1805 1851 1897 1943 1989 2035 2081 2127 2173 
11 57 103 149 195 241 287 333 379 425 471 517 610 656 702 748 794 840 886 932 978 1024 1070 1116 1162 1208 1254 1300 1346 1392 1438 1484 1530 1576 1622 1668 1714 1760 1806 1852 1898 1944 1990 2036 2082 2128 2174 
12 58 104 150 196 242 288 334 380 426 472 518 564 657 703 749 795 841 887 933 979 1025 1071 1117 1163 1209 1255 1301 1347 1393 1439 1485 1531 1577 1623 1669 1715 1761 1807 1853 1899 1945 1991 2037 2083 2129 2175 
13 59 105 151 197 243 289 335 381 427 473 519 565 611 704 750 796 842 888 934 980 1026 1072 1118 1164 1210 1256 1302 1348 1394 1440 1486 1532 1578 1624 1670 1716 1762 1808 1854 1900 1946 1992 2038 2084 2130 2176 
14 60 106 152 198 244 290 336 382 428 474 520 566 612 658 751 797 843 889 935 981 1027 1073 1119 1165 1211 1257 1303 1349 1395 1441 1487 1533 1579 1625 1671 1717 1763 1809 1855 1901 1947 1993 2039 2085 2131 2177 
15 61 107 153 199 245 291 337 383 429 475 521 567 613 659 705 798 844 890 936 982 1028 1074 1120 1166 1212 1258 1304 1350 1396 1442 1488 1534 1580 1626 1672 1718 1764 1810 1856 1902 1948 1994 2040 2086 2132 2178 
16 62 108 154 200 246 292 338 384 430 476 522 568 614 660 706 752 845 891 937 983 1029 1075 1121 1167 1213 1259 1305 1351 1397 1443 1489 1535 1581 1627 1673 1719 1765 1811 1857 1903 1949 1995 2041 2087 2133 2179 
17 63 109 155 201 247 293 339 385 431 477 523 569 615 661 707 753 799 892 938 984 1030 1076 1122 1168 1214 1260 1306 1352 1398 1444 1490 1536 1582 1628 1674 1720 1766 1812 1858 1904 1950 1996 2042 2088 2134 2180 
18 64 110 156 202 248 294 340 386 432 478 524 570 616 662 708 754 800 846 939 985 1031 1077 1123 1169 1215 1261 1307 1353 1399 1445 1491 1537 1583 1629 1675 1721 1767 1813 1859 1905 1951 1997 2043 2089 2135 2181 
19 65 111 157 203 249 295 341 387 433 479 525 571 617 663 709 755 801 847 893 986 1032 1078 1124 1170 1216 1262 1308 1354 1400 1446 1492 1538 1584 1630 1676 1722 1768 1814 1860 1906 1952 1998 2044 2090 2136 2182 
20 66 112 158 204 250 296 342 388 434 480 526 572 618 664 710 756 802 848 894 940 1033 1079 1125 1171 1217 1263 1309 1355 1401 1447 1493 1539 1585 1631 1677 1723 1769 1815 1861 1907 1953 1999 2045 2091 2137 2183 
21 67 113 159 205 251 297 343 389 435 481 527 573 619 665 711 757 803 849 895 941 987 1080 1126 1172 1218 1264 1310 1356 1402 1448 1494 1540 1586 1632 1678 1724 1770 1816 1862 1908 1954 2000 2046 2092 2138 2184 
22 68 114 160 206 252 298 344 390 436 482 528 574 620 666 712 758 804 850 896 942 988 1034 1127 1173 1219 1265 1311 1357 1403 1449 1495 1541 1587 1633 1679 1725 1771 1817 1863 1909 1955 2001 2047 2093 2139 2185 
23 69 115 161 207 253 299 345 391 437 483 529 575 621 667 713 759 805 851 897 943 989 1035 1081 1174 1220 1266 1312 1358 1404 1450 1496 1542 1588 1634 1680 1726 1772 1818 1864 1910 1956 2002 2048 2094 2140 2186 
24 70 116 162 208 254 300 346 392 438 484 530 576 622 668 714 760 806 852 898 944 990 1036 1082 1128 1221 1267 1313 1359 1405 1451 1497 1543 1589 1635 1681 1727 1773 1819 1865 1911 1957 2003 2049 2095 2141 2187 
25 71 117 163 209 255 301 347 393 439 485 531 577 623 669 715 761 807 853 899 945 991 1037 1083 1129 1175 1268 1314 1360 1406 1452 1498 1544 1590 1636 1682 1728 1774 1820 1866 1912 1958 2004 2050 2096 2142 2188 
26 72 118 164 210 256 302 348 394 440 486 532 578 624 670 716 762 808 854 900 946 992 1038 1084 1130 1176 1222 1315 1361 1407 1453 1499 1545 1591 1637 1683 1729 1775 1821 1867 1913 1959 2005 2051 2097 2143 2189 
27 73 119 165 211 257 303 349 395 441 487 533 579 625 671 717 763 809 855 901 947 993 1039 1085 1131 1177 1223 1269 1362 1408 1454 1500 1546 1592 1638 1684 1730 1776 1822 1868 1914 1960 2006 2052 2098 2144 2190 
28 74 120 166 212 258 304 350 396 442 488 534 580 626 672 718 764 810 856 902 948 994 1040 1086 1132 1178 1224 1270 1316 1409 1455 1501 1547 1593 1639 1685 1731 1777 1823 1869 1915 1961 2007 2053 2099 2145 2191 
29 75 121 167 213 259 305 351 397 443 489 535 581 627 673 719 765 811 857 903 949 995 1041 1087 1133 1179 1225 1271 1317 1363 1456 1502 1548 1594 1640 1686 1732 1778 1824 1870 1916 1962 2008 2054 2100 2146 2192 
30 76 122 168 214 260 306 352 398 444 490 536 582 628 674 720 766 812 858 904 950 996 1042 1088 1134 1180 1226 1272 1318 1364 1410 1503 1549 1595 1641 1687 1733 1779 1825 1871 1917 1963 2009 2055 2101 2147 2193 
31 77 123 169 215 261 307 353 399 445 491 537 583 629 675 721 767 813 859 905 951 997 1043 1089 1135 1181 1227 1273 1319 1365 1411 1457 1550 1596 1642 1688 1734 1780 1826 1872 1918 1964 2010 2056 2102 2148 2194 
32 78 124 170 216 262 308 354 400 446 492 538 584 630 676 722 768 814 860 906 952 998 1044 1090 1136 1182 1228 1274 1320 1366 1412 1458 1504 1597 1643 1689 1735 1781 1827 1873 1919 1965 2011 2057 2103 2149 2195 
33 79 125 171 217 263 309 355 401 447 493 539 585 631 677 723 769 815 861 907 953 999 1045 1091 1137 1183 1229 1275 1321 1367 1413 1459 1505 1551 1644 1690 1736 1782 1828 1874 1920 1966 2012 2058 2104 2150 2196 
34 80 126 172 218 264 310 356 402 448 494 540 586 632 678 724 770 816 862 908 954 1000 1046 1092 1138 1184 1230 1276 1322 1368 1414 1460 1506 1552 1598 1691 1737 1783 1829 1875 1921 1967 2013 2059 2105 2151 2197 
35 81 127 173 219 265 311 357 403 449 495 541 587 633 679 725 771 817 863 909 955 1001 1047 1093 1139 1185 1231 1277 1323 1369 1415 1461 1507 1553 1599 1645 1738 1784 1830 1876 1922 1968 2014 2060 2106 2152 2198 
36 82 128 174 220 266 312 358 404 450 496 542 588 634 680 726 772 818 864 910 956 1002 1048 1094 1140 1186 1232 1278 1324 1370 1416 1462 1508 1554 1600 1646 1692 1785 1831 1877 1923 1969 2015 2061 2107 2153 2199 
37 83 129 175 221 267 313 359 405 451 497 543 589 635 681 727 773 819 865 911 957 1003 1049 1095 1141 1187 1233 1279 1325 1371 1417 1463 1509 1555 1601 1647 1693 1739 1832 1878 1924 1970 2016 2062 2108 2154 2200 
38 84 130 176 222 268 314 360 406 452 498 544 590 636 682 728 774 820 866 912 958 1004 1050 1096 1142 1188 1234 1280 1326 1372 1418 1464 1510 1556 1602 1648 1694 1740 1786 1879 1925 1971 2017 2063 2109 2155 2201 
39 85 131 177 223 269 315 361 407 453 499 545 591 637 683 729 775 821 867 913 959 1005 1051 1097 1143 1189 1235 1281 1327 1373 1419 1465 1511 1557 1603 1649 1695 1741 1787 1833 1926 1972 2018 2064 2110 2156 2202 
40 86 132 178 224 270 316 362 408 454 500 546 592 638 684 730 776 822 868 914 960 1006 1052 1098 1144 1190 1236 1282 1328 1374 1420 1466 1512 1558 1604 1650 1696 1742 1788 1834 1880 1973 2019 2065 2111 2157 2203 
41 87 133 179 225 271 317 363 409 455 501 547 593 639 685 731 777 823 869 915 961 1007 1053 1099 1145 1191 1237 1283 1329 1375 1421 1467 1513 1559 1605 1651 1697 1743 1789 1835 1881 1927 2020 2066 2112 2158 2204 
42 88 134 180 226 272 318 364 410 456 502 548 594 640 686 732 778 824 870 916 962 1008 1054 1100 1146 1192 1238 1284 1330 1376 1422 1468 1514 1560 1606 1652 1698 1744 1790 1836 1882 1928 1974 2067 2113 2159 2205 
43 89 135 181 227 273 319 365 411 457 503 549 595 641 687 733 779 825 871 917 963 1009 1055 1101 1147 1193 1239 1285 1331 1377 1423 1469 1515 1561 1607 1653 1699 1745 1791 1837 1883 1929 1975 2021 2114 2160 2206 
44 90 136 182 228 274 320 366 412 458 504 550 596 642 688 734 780 826 872 918 964 1010 1056 1102 1148 1194 1240 1286 1332 1378 1424 1470 1516 1562 1608 1654 1700 1746 1792 1838 1884 1930 1976 2022 2068 2161 2207 
45 91 137 183 229 275 321 367 413 459 505 551 597 643 689 735 781 827 873 919 965 1011 1057 1103 1149 1195 1241 1287 1333 1379 1425 1471 1517 1563 1609 1655 1701 1747 1793 1839 1885 1931 1977 2023 2069 2115 2208 
46 92 138 184 230 276 322 368 414 460 506 552 598 644 690 736 782 828 874 920 966 1012 1058 1104 1150 1196 1242 1288 1334 1380 1426 1472 1518 1564 1610 1656 1702 1748 1794 1840 1886 1932 1978 2024 2070 2116 2162 
0 92 137 182 227 272 317 362 407 452 497 542 587 632 677 722 767 812 857 902 947 992 1037 1082 1174 1219 1264 1309 1354 1399 1444 1489 1534 1579 1624 1669 1714 1759 1804 1849 1894 1939 1984 2029 2074 2119 2164 
1 93 138 183 228 273 318 363 408 453 498 543 588 633 678 723 768 813 858 903 948 993 1038 1083 1128 1220 1265 1310 1355 1400 1445 1490 1535 1580 1625 1670 1715 1760 1805 1850 1895 1940 1985 2030 2075 2120 2165 
2 47 139 184 229 274 319 364 409 454 499 544 589 634 679 724 769 814 859 904 949 994 1039 1084 1129 1221 1266 1311 1356 1401 1446 1491 1536 1581 1626 1671 1716 1761 1806 1851 1896 1941 1986 2031 2076 2121 2166 
3 48 140 185 230 275 320 365 410 455 500 545 590 635 680 725 770 815 860 905 950 995 1040 1085 1130 1175 1267 1312 1357 1402 1447 1492 1537 1582 1627 1672 1717 1762 1807 1852 1897 1942 1987 2032 2077 2122 2167 
4 49 94 186 231 276 321 366 411 456 501 546 591 636 681 726 771 816 861 906 951 996 1041 1086 1131 1176 1268 1313 1358 1403 1448 1493 1538 1583 1628 1673 1718 1763 1808 1853 1898 1943 1988 2033 2078 2123 2168 
5 50 95 187 232 277 322 367 412 457 502 547 592 637 682 727 772 817 862 907 952 997 1042 1087 1132 1177 1222 1314 1359 1404 1449 1494 1539 1584 1629 1674 1719 1764 1809 1854 1899 1944 1989 2034 2079 2124 2169 
6 51 96 141 233 278 323 368 413 458 503 548 593 638 683 728 773 818 863 908 953 998 1043 1088 1133 1178 1223 1315 1360 1405 1450 1495 1540 1585 1630 1675 1720 1765 1810 1855 1900 1945 1990 2035 2080 2125 2170 
7 52 97 142 234 279 324 369 414 459 504 549 594 639 684 729 774 819 864 909 954 999 1044 1089 1134 1179 1224 1269 1361 1406 1451 1496 1541 1586 1631 1676 1721 1766 1811 1856 1901 1946 1991 2036 2081 2126 2171 
8 53 98 143 188 280 325 370 415 460 505 550 595 640 685 730 775 820 865 910 955 1000 1045 1090 1135 1180 1225 1270 1362 1407 1452 1497 1542 1587 1632 1677 1722 1767 1812 1857 1902 1947 1992 2037 2082 2127 2172 
9 54 99 144 189 281 326 371 416 461 506 551 596 641 686 731 776 821 866 911 956 1001 1046 1091 1136 1181 1226 1271 1316 1408 1453 1498 1543 1588 1633 1678 1723 1768 1813 1858 1903 1948 1993 2038 2083 2128 2173 
10 55 100 145 190 235 327 372 417 462 507 552 597 642 687 732 777 822 867 912 957 1002 1047 1092 1137 1182 1227 1272 1317 1409 1454 1499 1544 1589 1634 1679 1724 1769 1814 1859 1904 1949 1994 2039 2084 2129 2174 
11 56 101 146 191 236 328 373 418 463 508 553 598 643 688 733 778 823 868 913 958 1003 1048 1093 1138 1183 1228 1273 1318 1363 1455 1500 1545 1590 1635 1680 1725 1770 1815 1860 1905 1950 1995 2040 2085 2130 2175 
12 57 102 147 192 237 282 374 419 464 509 554 599 644 689 734 779 824 869 914 959 1004 1049 1094 1139 1184 1229 1274 1319 1364 1456 1501 1546 1591 1636 1681 1726 1771 1816 1861 1906 1951 1996 2041 2086 2131 2176 
13 58 103 148 193 238 283 375 420 465 510 555 600 645 690 735 780 825 870 915 960 1005 1050 1095 1140 1185 1230 1275 1320 1365 1410 1502 1547 1592 1637 1682 1727 1772 1817 1862 1907 1952 1997 2042 2087 2132 2177 
14 59 104 149 194 239 284 329 421 466 511 556 601 646 691 736 781 826 871 916 961 1006 1051 1096 1141 1186 1231 1276 1321 1366 1411 1503 1548 1593 1638 1683 1728 1773 1818 1863 1908 1953 1998 2043 2088 2133 2178 
15 60 105 150 195 240 285 330 422 467 512 557 602 647 692 737 782 827 872 917 962 1007 1052 1097 1142 1187 1232 1277 1322 1367 1412 1457 1549 1594 1639 1684 1729 1774 1819 1864 1909 1954 1999 2044 2089 2134 2179 
16 61 106 151 196 241 286 331 376 468 513 558 603 648 693 738 783 828 873 918 963 1008 1053 1098 1143 1188 1233 1278 1323 1368 1413 1458 1550 1595 1640 1685 1730 1775 1820 1865 1910 1955 2000 2045 2090 2135 2180 
17 62 107 152 197 242 287 332 377 469 514 559 604 649 694 739 784 829 874 919 964 1009 1054 1099 1144 1189 1234 1279 1324 1369 1414 1459 1504 1596 1641 1686 1731 1776 1821 1866 1911 1956 2001 2046 2091 2136 2181 
18 63 108 153 198 243 288 333 378 423 515 560 605 650 695 740 785 830 875 920 965 1010 1055 1100 1145 1190 1235 1280 1325 1370 1415 1460 1505 1597 1642 1687 1732 1777 1822 1867 1912 1957 2002 2047 2092 2137 2182 
19 64 109 154 199 244 289 334 379 424 516 561 606 651 696 741 786 831 876 921 966 1011 1056 1101 1146 1191 1236 1281 1326 1371 1416 1461 1506 1551 1643 1688 1733 1778 1823 1868 1913 1958 2003 2048 2093 2138 2183 
20 65 110 155 200 245 290 335 380 425 470 562 607 652 697 742 787 832 877 922 967 1012 1057 1102 1147 1192 1237 1282 1327 1372 1417 1462 1507 1552 1644 1689 1734 1779 1824 1869 1914 1959 2004 2049 2094 2139 2184 
21 66 111 156 201 246 291 336 381 426 471 563 608 653 698 743 788 833 878 923 968 1013 1058 1103 1148 1193 1238 1283 1328 1373 1418 1463 1508 1553 1598 1690 1735 1780 1825 1870 1915 1960 2005 2050 2095 2140 2185 
22 67 112 157 202 247 292 337 382 427 472 517 609 654 699 744 789 834 879 924 969 1014 1059 1104 1149 1194 1239 1284 1329 1374 1419 1464 1509 1554 1599 1691 1736 1781 1826 1871 1916 1961 2006 2051 2096 2141 2186 
23 68 113 158 203 248 293 338 383 428 473 518 610 655 700 745 790 835 880 925 970 1015 1060 1105 1150 1195 1240 1285 1330 1375 1420 1465 1510 1555 1600 1645 1737 1782 1827 1872 1917 1962 2007 2052 2097 2142 2187 
24 69 114 159 204 249 294 339 384 429 474 519 564 656 701 746 791 836 881 926 971 1016 1061 1106 1151 1196 1241 1286 1331 1376 1421 1466 1511 1556 1601 1646 1738 1783 1828 1873 1918 1963 2008 2053 2098 2143 2188 
25 70 115 160 205 250 295 340 385 430 475 520 565 657 702 747 792 837 882 927 972 1017 1062 1107 1152 1197 1242 1287 1332 1377 1422 1467 1512 1557 1602 1647 1692 1784 1829 1874 1919 1964 2009 2054 2099 2144 2189 
26 71 116 161 206 251 296 341 386 431 476 521 566 611 703 748 793 838 883 928 973 1018 1063 1108 1153 1198 1243 1288 1333 1378 1423 1468 1513 1558 1603 1648 1693 1785 1830 1875 1920 1965 2010 2055 2100 2145 2190 
27 72 117 162 207 252 297 342 387 432 477 522 567 612 704 749 794 839 884 929 974 1019 1064 1109 1154 1199 1244 1289 1334 1379 1424 1469 1514 1559 1604 1649 1694 1739 1831 1876 1921 1966 2011 2056 2101 2146 2191 
28 73 118 163 208 253 298 343 388 433 478 523 568 613 658 750 795 840 885 930 975 1020 1065 1110 1155 1200 1245 1290 1335 1380 1425 1470 1515 1560 1605 1650 1695 1740 1832 1877 1922 1967 2012 2057 2102 2147 2192 
29 74 119 164 209 254 299 344 389 434 479 524 569 614 659 751 796 841 886 931 976 1021 1066 1111 1156 1201 1246 1291 1336 1381 1426 1471 1516 1561 1606 1651 1696 1741 1786 1878 1923 1968 2013 2058 2103 2148 2193 
30 75 120 165 210 255 300 345 390 435 480 525 570 615 660 705 797 842 887 932 977 1022 1067 1112 1157 1202 1247 1292 1337 1382 1427 1472 1517 1562 1607 1652 1697 1742 1787 1879 1924 1969 2014 2059 2104 2149 2194 
31 76 121 166 211 256 301 346 391 436 481 526 571 616 661 706 798 843 888 933 978 1023 1068 1113 1158 1203 1248 1293 1338 1383 1428 1473 1518 1563 1608 1653 1698 1743 1788 1833 1925 1970 2015 2060 2105 2150 2195 
32 77 122 167 212 257 302 347 392 437 482 527 572 617 662 707 752 844 889 934 979 1024 1069 1114 1159 1204 1249 1294 1339 1384 1429 1474 1519 1564 1609 1654 1699 1744 1789 1834 1926 1971 2016 2061 2106 2151 2196 
33 78 123 168 213 258 303 348 393 438 483 528 573 618 663 708 753 845 890 935 980 1025 1070 1115 1160 1205 1250 1295 1340 1385 1430 1475 1520 1565 1610 1655 1700 1745 1790 1835 1880 1972 2017 2062 2107 2152 2197 
34 79 124 169 214 259 304 349 394 439 484 529 574 619 664 709 754 799 891 936 981 1026 1071 1116 1161 1206 1251 1296 1341 1386 1431 1476 1521 1566 1611 1656 1701 1746 1791 1836 1881 1973 2018 2063 2108 2153 2198 
35 80 125 170 215 260 305 350 395 440 485 530 575 620 665 710 755 800 892 937 982 1027 1072 1117 1162 1207 1252 1297 1342 1387 1432 1477 1522 1567 1612 1657 1702 1747 1792 1837 1882 1927 2019 2064 2109 2154 2199 
36 81 126 171 216 261 306 351 396 441 486 531 576 621 666 711 756 801 846 938 983 1028 1073 1118 1163 1208 1253 1298 1343 1388 1433 1478 1523 1568 1613 1658 1703 1748 1793 1838 1883 1928 2020 2065 2110 2155 2200 
37 82 127 172 217 262 307 352 397 442 487 532 577 622 667 712 757 802 847 939 984 1029 1074 1119 1164 1209 1254 1299 1344 1389 1434 1479 1524 1569 1614 1659 1704 1749 1794 1839 1884 1929 1974 2066 2111 2156 2201 
38 83 128 173 218 263 308 353 398 443 488 533 578 623 668 713 758 803 848 893 985 1030 1075 1120 1165 1210 1255 1300 1345 1390 1435 1480 1525 1570 1615 1660 1705 1750 1795 1840 1885 1930 1975 2067 2112 2157 2202 
39 84 129 174 219 264 309 354 399 444 489 534 579 624 669 714 759 804 849 894 986 1031 1076 1121 1166 1211 1256 1301 1346 1391 1436 1481 1526 1571 1616 1661 1706 1751 1796 1841 1886 1931 1976 2021 2113 2158 2203 
40 85 130 175 220 265 310 355 400 445 490 535 580 625 670 715 760 805 850 895 940 1032 1077 1122 1167 1212 1257 1302 1347 1392 1437 1482 1527 1572 1617 1662 1707 1752 1797 1842 1887 1932 1977 2022 2114 2159 2204 
41 86 131 176 221 266 311 356 401 446 491 536 581 626 671 716 761 806 851 896 941 1033 1078 1123 1168 1213 1258 1303 1348 1393 1438 1483 1528 1573 1618 1663 1708 1753 1798 1843 1888 1933 1978 2023 2068 2160 2205 
42 87 132 177 222 267 312 357 402 447 492 537 582 627 672 717 762 807 852 897 942 987 1079 1124 1169 1214 1259 1304 1349 1394 1439 1484 1529 1574 1619 1664 1709 1754 1799 1844 1889 1934 1979 2024 2069 2161 2206 
43 88 133 178 223 268 313 358 403 448 493 538 583 628 673 718 763 808 853 898 943 988 1080 1125 1170 1215 1260 1305 1350 1395 1440 1485 1530 1575 1620 1665 1710 1755 1800 1845 1890 1935 1980 2025 2070 2115 2207 
44 89 134 179 224 269 314 359 404 449 494 539 584 629 674 719 764 809 854 899 944 989 1034 1126 1171 1216 1261 1306 1351 1396 1441 1486 1531 1576 1621 1666 1711 1756 1801 1846 1891 1936 1981 2026 2071 2116 2208 
45 90 135 180 225 270 315 360 405 450 495 540 585 630 675 720 765 810 855 900 945 990 1035 1127 1172 1217 1262 1307 1352 1397 1442 1487 1532 1577 1622 1667 1712 1757 1802 1847 1892 1937 1982 2027 2072 2117 2162 
46 91 136 181 226 271 316 361 406 451 496 541 586 631 676 721 766 811 856 901 946 991 1036 1081 1173 1218 1263 1308 1353 1398 1443 1488 1533 1578 1623 1668 1713 1758 1803 1848 1893 1938 1983 2028 2073 2118 2163 
0 91 135 179 223 267 311 355 399 443 487 531 575 619 663 707 798 842 886 930 974 1018 1062 1106 1150 1194 1238 1282 1326 1370 1414 1458 1549 1593 1637 1681 1725 1769 1813 1857 1901 1945 1989 2033 2077 2121 2165 
1 92 136 180 224 268 312 356 400 444 488 532 576 620 664 708 752 843 887 931 975 1019 1063 1107 1151 1195 1239 1283 1327 1371 1415 1459 1550 1594 1638 1682 1726 1770 1814 1858 1902 1946 1990 2034 2078 2122 2166 
2 93 137 181 225 269 313 357 401 445 489 533 577 621 665 709 753 844 888 932 976 1020 1064 1108 1152 1196 1240 1284 1328 1372 1416 1460 1504 1595 1639 1683 1727 1771 1815 1859 1903 1947 1991 2035 2079 2123 2167 
3 47 138 182 226 270 314 358 402 446 490 534 578 622 666 710 754 845 889 933 977 1021 1065 1109 1153 1197 1241 1285 1329 1373 1417 1461 1505 1596 1640 1684 1728 1772 1816 1860 1904 1948 1992 2036 2080 2124 2168 
4 48 139 183 227 271 315 359 403 447 491 535 579 623 667 711 755 799 890 934 978 1022 1066 1110 1154 1198 1242 1286 1330 1374 1418 1462 1506 1597 1641 1685 1729 1773 1817 1861 1905 1949 1993 2037 2081 2125 2169 
5 49 140 184 228 272 316 360 404 448 492 536 580 624 668 712 756 800 891 935 979 1023 1067 1111 1155 1199 1243 1287 1331 1375 1419 1463 1507 1551 1642 1686 1730 1774 1818 1862 1906 1950 1994 2038 2082 2126 2170 
6 50 94 185 229 273 317 361 405 449 493 537 581 625 669 713 757 801 892 936 980 1024 1068 1112 1156 1200 1244 1288 1332 1376 1420 1464 1508 1552 1643 1687 1731 1775 1819 1863 1907 1951 1995 2039 2083 2127 2171 
7 51 95 186 230 274 318 362 406 450 494 538 582 626 670 714 758 802 846 937 981 1025 1069 1113 1157 1201 1245 1289 1333 1377 1421 1465 1509 1553 1644 1688 1732 1776 1820 1864 1908 1952 1996 2040 2084 2128 2172 
8 52 96 187 231 275 319 363 407 451 495 539 583 627 671 715 759 803 847 938 982 1026 1070 1114 1158 1202 1246 1290 1334 1378 1422 1466 1510 1554 1598 1689 1733 1777 1821 1865 1909 1953 1997 2041 2085 2129 2173 
9 53 97 141 232 276 320 364 408 452 496 540 584 628 672 716 760 804 848 939 983 1027 1071 1115 1159 1203 1247 1291 1335 1379 1423 1467 1511 1555 1599 1690 1734 1778 1822 1866 1910 1954 1998 2042 2086 2130 2174 
10 54 98 142 233 277 321 365 409 453 497 541 585 629 673 717 761 805 849 893 984 1028 1072 1116 1160 1204 1248 1292 1336 1380 1424 1468 1512 1556 1600 1691 1735 1779 1823 1867 1911 1955 1999 2043 2087 2131 2175 
11 55 99 143 234 278 322 366 410 454 498 542 586 630 674 718 762 806 850 894 985 1029 1073 1117 1161 1205 1249 1293 1337 1381 1425 1469 1513 1557 1601 1645 1736 1780 1824 1868 1912 1956 2000 2044 2088 2132 2176 
12 56 100 144 188 279 323 367 411 455 499 543 587 631 675 719 763 807 851 895 986 1030 1074 1118 1162 1206 1250 1294 1338 1382 1426 1470 1514 1558 1602 1646 1737 1781 1825 1869 1913 1957 2001 2045 2089 2133 2177 
13 57 101 145 189 280 324 368 412 456 500 544 588 632 676 720 764 808 852 896 940 1031 1075 1119 1163 1207 1251 1295 1339 1383 1427 1471 1515 1559 1603 1647 1738 1782 1826 1870 1914 1958 2002 2046 2090 2134 2178 
14 58 102 146 190 281 325 369 413 457 501 545 589 633 677 721 765 809 853 897 941 1032 1076 1120 1164 1208 1252 1296 1340 1384 1428 1472 1516 1560 1604 1648 1692 1783 1827 1871 1915 1959 2003 2047 2091 2135 2179 
15 59 103 147 191 235 326 370 414 458 502 546 590 634 678 722 766 810 854 898 942 1033 1077 1121 1165 1209 1253 1297 1341 1385 1429 1473 1517 1561 1605 1649 1693 1784 1828 1872 1916 1960 2004 2048 2092 2136 2180 
16 60 104 148 192 236 327 371 415 459 503 547 591 635 679 723 767 811 855 899 943 987 1078 1122 1166 1210 1254 1298 1342 1386 1430 1474 1518 1562 1606 1650 1694 1785 1829 1873 1917 1961 2005 2049 2093 2137 2181 
17 61 105 149 193 237 328 372 416 460 504 548 592 636 680 724 768 812 856 900 944 988 1079 1123 1167 1211 1255 1299 1343 1387 1431 1475 1519 1563 1607 1651 1695 1739 1830 1874 1918 1962 2006 2050 2094 2138 2182 
18 62 106 150 194 238 282 373 417 461 505 549 593 637 681 725 769 813 857 901 945 989 1080 1124 1168 1212 1256 1300 1344 1388 1432 1476 1520 1564 1608 1652 1696 1740 1831 1875 1919 1963 2007 2051 2095 2139 2183 
19 63 107 151 195 239 283 374 418 462 506 550 594 638 682 726 770 814 858 902 946 990 1034 1125 1169 1213 1257 1301 1345 1389 1433 1477 1521 1565 1609 1653 1697 1741 1832 1876 1920 1964 2008 2052 2096 2140 2184 
20 64 108 152 196 240 284 375 419 463 507 551 595 639 683 727 771 815 859 903 947 991 1035 1126 1170 1214 1258 1302 1346 1390 1434 1478 1522 1566 1610 1654 1698 1742 1786 1877 1921 1965 2009 2053 2097 2141 2185 
21 65 109 153 197 241 285 329 420 464 508 552 596 640 684 728 772 816 860 904 948 992 1036 1127 1171 1215 1259 1303 1347 1391 1435 1479 1523 1567 1611 1655 1699 1743 1787 1878 1922 1966 2010 2054 2098 2142 2186 
22 66 110 154 198 242 286 330 421 465 509 553 597 641 685 729 773 817 861 905 949 993 1037 1081 1172 1216 1260 1304 1348 1392 1436 1480 1524 1568 1612 1656 1700 1744 1788 1879 1923 1967 2011 2055 2099 2143 2187 
23 67 111 155 199 243 287 331 422 466 510 554 598 642 686 730 774 818 862 906 950 994 1038 1082 1173 1217 1261 1305 1349 1393 1437 1481 1525 1569 1613 1657 1701 1745 1789 1833 1924 1968 2012 2056 2100 2144 2188 
24 68 112 156 200 244 288 332 376 467 511 555 599 643 687 731 775 819 863 907 951 995 1039 1083 1174 1218 1262 1306 1350 1394 1438 1482 1526 1570 1614 1658 1702 1746 1790 1834 1925 1969 2013 2057 2101 2145 2189 
25 69 113 157 201 245 289 333 377 468 512 556 600 644 688 732 776 820 864 908 952 996 1040 1084 1128 1219 1263 1307 1351 1395 1439 1483 1527 1571 1615 1659 1703 1747 1791 1835 1926 1970 2014 2058 2102 2146 2190 
26 70 114 158 202 246 290 334 378 469 513 557 601 645 689 733 777 821 865 909 953 997 1041 1085 1129 1220 1264 1308 1352 1396 1440 1484 1528 1572 1616 1660 1704 1748 1792 1836 1880 1971 2015 2059 2103 2147 2191 
27 71 115 159 203 247 291 335 379 423 514 558 602 646 690 734 778 822 866 910 954 998 1042 1086 1130 1221 1265 1309 1353 1397 1441 1485 1529 1573 1617 1661 1705 1749 1793 1837 1881 1972 2016 2060 2104 2148 2192 
28 72 116 160 204 248 292 336 380 424 515 559 603 647 691 735 779 823 867 911 955 999 1043 1087 1131 1175 1266 1310 1354 1398 1442 1486 1530 1574 1618 1662 1706 1750 1794 1838 1882 1973 2017 2061 2105 2149 2193 
29 73 117 161 205 249 293 337 381 425 516 560 604 648 692 736 780 824 868 912 956 1000 1044 1088 1132 1176 1267 1311 1355 1399 1443 1487 1531 1575 1619 1663 1707 1751 1795 1839 1883 1927 2018 2062 2106 2150 2194 
30 74 118 162 206 250 294 338 382 426 470 561 605 649 693 737 781 825 869 913 957 1001 1045 1089 1133 1177 1268 1312 1356 1400 1444 1488 1532 1576 1620 1664 1708 1752 1796 1840 1884 1928 2019 2063 2107 2151 2195 
31 75 119 163 207 251 295 339 383 427 471 562 606 650 694 738 782 826 870 914 958 1002 1046 1090 1134 1178 1222 1313 1357 1401 1445 1489 1533 1577 1621 1665 1709 1753 1797 1841 1885 1929 2020 2064 2108 2152 2196 
32 76 120 164 208 252 296 340 384 428 472 563 607 651 695 739 783 827 871 915 959 1003 1047 1091 1135 1179 1223 1314 1358 1402 1446 1490 1534 1578 1622 1666 1710 1754 1798 1842 1886 1930 1974 2065 2109 2153 2197 
33 77 121 165 209 253 297 341 385 429 473 517 608 652 696 740 784 828 872 916 960 1004 1048 1092 1136 1180 1224 1315 1359 1403 1447 1491 1535 1579 1623 1667 1711 1755 1799 1843 1887 1931 1975 2066 2110 2154 2198 
34 78 122 166 210 254 298 342 386 430 474 518 609 653 697 741 785 829 873 917 961 1005 1049 1093 1137 1181 1225 1269 1360 1404 1448 1492 1536 1580 1624 1668 1712 1756 1800 1844 1888 1932 1976 2067 2111 2155 2199 
35 79 123 167 211 255 299 343 387 431 475 519 610 654 698 742 786 830 874 918 962 1006 1050 1094 1138 1182 1226 1270 1361 1405 1449 1493 1537 1581 1625 1669 1713 1757 1801 1845 1889 1933 1977 2021 2112 2156 2200 
36 80 124 168 212 256 300 344 388 432 476 520 564 655 699 743 787 831 875 919 963 1007 1051 1095 1139 1183 1227 1271 1362 1406 1450 1494 1538 1582 1626 1670 1714 1758 1802 1846 1890 1934 1978 2022 2113 2157 2201 
37 81 125 169 213 257 301 345 389 433 477 521 565 656 700 744 788 832 876 920 964 1008 1052 1096 1140 1184 1228 1272 1316 1407 1451 1495 1539 1583 1627 1671 1715 1759 1803 1847 1891 1935 1979 2023 2114 2158 2202 
38 82 126 170 214 258 302 346 390 434 478 522 566 657 701 745 789 833 877 921 965 1009 1053 1097 1141 1185 1229 1273 1317 1408 1452 1496 1540 1584 1628 1672 1716 1760 1804 1848 1892 1936 1980 2024 2068 2159 2203 
39 83 127 171 215 259 303 347 391 435 479 523 567 611 702 746 790 834 878 922 966 1010 1054 1098 1142 1186 1230 1274 1318 1409 1453 1497 1541 1585 1629 1673 1717 1761 1805 1849 1893 1937 1981 2025 2069 2160 2204 
40 84 128 172 216 260 304 348 392 436 480 524 568 612 703 747 791 835 879 923 967 1011 1055 1099 1143 1187 1231 1275 1319 1363 1454 1498 1542 1586 1630 1674 1718 1762 1806 1850 1894 1938 1982 2026 2070 2161 2205 
41 85 129 173 217 261 305 349 393 437 481 525 569 613 704 748 792 836 880 924 968 1012 1056 1100 1144 1188 1232 1276 1320 1364 1455 1499 1543 1587 1631 1675 1719 1763 1807 1851 1895 1939 1983 2027 2071 2115 2206 
42 86 130 174 218 262 306 350 394 438 482 526 570 614 658 749 793 837 881 925 969 1013 1057 1101 1145 1189 1233 1277 1321 1365 1456 1500 1544 1588 1632 1676 1720 1764 1808 1852 1896 1940 1984 2028 2072 2116 2207 
43 87 131 175 219 263 307 351 395 439 483 527 571 615 659 750 794 838 882 926 970 1014 1058 1102 1146 1190 1234 1278 1322 1366 1410 1501 1545 1589 1633 1677 1721 1765 1809 1853 1897 1941 1985 2029 2073 2117 2208 
44 88 132 176 220 264 308 352 396 440 484 528 572 616 660 751 795 839 883 927 971 1015 1059 1103 1147 1191 1235 1279 1323 1367 1411 1502 1546 1590 1634 1678 1722 1766 1810 1854 1898 1942 1986 2030 2074 2118 2162 
45 89 133 177 221 265 309 353 397 441 485 529 573 617 661 705 796 840 884 928 972 1016 1060 1104 1148 1192 1236 1280 1324 1368 1412 1503 1547 1591 1635 1679 1723 1767 1811 1855 1899 1943 1987 2031 2075 2119 2163 
46 90 134 178 222 266 310 354 398 442 486 530 574 618 662 706 797 841 885 929 973 1017 1061 1105 1149 1193 1237 1281 1325 1369 1413 1457 1548 1592 1636 1680 1724 1768 1812 1856 1900 1944 1988 2032 2076 2120 2164 
0 90 133 176 219 262 305 348 391 434 477 520 610 653 696 739 782 825 868 911 954 997 1040 1083 1173 1216 1259 1302 1345 1388 1431 1474 1517 1560 1603 1646 1736 1779 1822 1865 1908 1951 1994 2037 2080 2123 2166 
1 91 134 177 220 263 306 349 392 435 478 521 564 654 697 740 783 826 869 912 955 998 1041 1084 1174 1217 1260 1303 1346 1389 1432 1475 1518 1561 1604 1647 1737 1780 1823 1866 1909 1952 1995 2038 2081 2124 2167 
2 92 135 178 221 264 307 350 393 436 479 522 565 655 698 741 784 827 870 913 956 999 1042 1085 1128 1218 1261 1304 1347 1390 1433 1476 1519 1562 1605 1648 1738 1781 1824 1867 1910 1953 1996 2039 2082 2125 2168 
3 93 136 179 222 265 308 351 394 437 480 523 566 656 699 742 785 828 871 914 957 1000 1043 1086 1129 1219 1262 1305 1348 1391 1434 1477 1520 1563 1606 1649 1692 1782 1825 1868 1911 1954 1997 2040 2083 2126 2169 
4 47 137 180 223 266 309 352 395 438 481 524 567 657 700 743 786 829 872 915 958 1001 1044 1087 1130 1220 1263 1306 1349 1392 1435 1478 1521 1564 1607 1650 1693 1783 1826 1869 1912 1955 1998 2041 2084 2127 2170 
5 48 138 181 224 267 310 353 396 439 482 525 568 611 701 744 787 830 873 916 959 1002 1045 1088 1131 1221 1264 1307 1350 1393 1436 1479 1522 1565 1608 1651 1694 1784 1827 1870 1913 1956 1999 2042 2085 2128 2171 
6 49 139 182 225 268 311 354 397 440 483 526 569 612 702 745 788 831 874 917 960 1003 1046 1089 1132 1175 1265 1308 1351 1394 1437 1480 1523 1566 1609 1652 1695 1785 1828 1871 1914 1957 2000 2043 2086 2129 2172 
7 50 140 183 226 269 312 355 398 441 484 527 570 613 703 746 789 832 875 918 961 1004 1047 1090 1133 1176 1266 1309 1352 1395 1438 1481 1524 1567 1610 1653 1696 1739 1829 1872 1915 1958 2001 2044 2087 2130 2173 
8 51 94 184 227 270 313 356 399 442 485 528 571 614 704 747 790 833 876 919 962 1005 1048 1091 1134 1177 1267 1310 1353 1396 1439 1482 1525 1568 1611 1654 1697 1740 1830 1873 1916 1959 2002 2045 2088 2131 2174 
9 52 95 185 228 271 314 357 400 443 486 529 572 615 658 748 791 834 877 920 963 1006 1049 1092 1135 1178 1268 1311 1354 1397 1440 1483 1526 1569 1612 1655 1698 1741 1831 1874 1917 1960 2003 2046 2089 2132 2175 
10 53 96 186 229 272 315 358 401 444 487 530 573 616 659 749 792 835 878 921 964 1007 1050 1093 1136 1179 1222 1312 1355 1398 1441 1484 1527 1570 1613 1656 1699 1742 1832 1875 1918 1961 2004 2047 2090 2133 2176 
11 54 97 187 230 273 316 359 402 445 488 531 574 617 660 750 793 836 879 922 965 1008 1051 1094 1137 1180 1223 1313 1356 1399 1442 1485 1528 1571 1614 1657 1700 1743 1786 1876 1919 1962 2005 2048 2091 2134 2177 
12 55 98 141 231 274 317 360 403 446 489 532 575 618 661 751 794 837 880 923 966 1009 1052 1095 1138 1181 1224 1314 1357 1400 1443 1486 1529 1572 1615 1658 1701 1744 1787 1877 1920 1963 2006 2049 2092 2135 2178 
13 56 99 142 232 275 318 361 404 447 490 533 576 619 662 705 795 838 881 924 967 1010 1053 1096 1139 1182 1225 1315 1358 1401 1444 1487 1530 1573 1616 1659 1702 1745 1788 1878 1921 1964 2007 2050 2093 2136 2179 
14 57 100 143 233 276 319 362 405 448 491 534 577 620 663 706 796 839 882 925 968 1011 1054 1097 1140 1183 1226 1269 1359 1402 1445 1488 1531 1574 1617 1660 1703 1746 1789 1879 1922 1965 2008 2051 2094 2137 2180 
15 58 101 144 234 277 320 363 406 449 492 535 578 621 664 707 797 840 883 926 969 1012 1055 1098 1141 1184 1227 1270 1360 1403 1446 1489 1532 1575 1618 1661 1704 1747 1790 1833 1923 1966 2009 2052 2095 2138 2181 
16 59 102 145 188 278 321 364 407 450 493 536 579 622 665 708 798 841 884 927 970 1013 1056 1099 1142 1185 1228 1271 1361 1404 1447 1490 1533 1576 1619 1662 1705 1748 1791 1834 1924 1967 2010 2053 2096 2139 2182 
17 60 103 146 189 279 322 365 408 451 494 537 580 623 666 709 752 842 885 928 971 1014 1057 1100 1143 1186 1229 1272 1362 1405 1448 1491 1534 1577 1620 1663 1706 1749 1792 1835 1925 1968 2011 2054 2097 2140 2183 
18 61 104 147 190 280 323 366 409 452 495 538 581 624 667 710 753 843 886 929 972 1015 1058 1101 1144 1187 1230 1273 1316 1406 1449 1492 1535 1578 1621 1664 1707 1750 1793 1836 1926 1969 2012 2055 2098 2141 2184 
19 62 105 148 191 281 324 367 410 453 496 539 582 625 668 711 754 844 887 930 973 1016 1059 1102 1145 1188 1231 1274 1317 1407 1450 1493 1536 1579 1622 1665 1708 1751 1794 1837 1880 1970 2013 2056 2099 2142 2185 
20 63 106 149 192 235 325 368 411 454 497 540 583 626 669 712 755 845 888 931 974 1017 1060 1103 1146 1189 1232 1275 1318 1408 1451 1494 1537 1580 1623 1666 1709 1752 1795 1838 1881 1971 2014 2057 2100 2143 2186 
21 64 107 150 193 236 326 369 412 455 498 541 584 627 670 713 756 799 889 932 975 1018 1061 1104 1147 1190 1233 1276 1319 1409 1452 1495 1538 1581 1624 1667 1710 1753 1796 1839 1882 1972 2015 2058 2101 2144 2187 
22 65 108 151 194 237 327 370 413 456 499 542 585 628 671 714 757 800 890 933 976 1019 1062 1105 1148 1191 1234 1277 1320 1363 1453 1496 1539 1582 1625 1668 1711 1754 1797 1840 1883 1973 2016 2059 2102 2145 2188 
23 66 109 152 195 238 328 371 414 457 500 543 586 629 672 715 758 801 891 934 977 1020 1063 1106 1149 1192 1235 1278 1321 1364 1454 1497 1540 1583 1626 1669 1712 1755 1798 1841 1884 1927 2017 2060 2103 2146 2189 
24 67 110 153 196 239 282 372 415 458 501 544 587 630 673 716 759 802 892 935 978 1021 1064 1107 1150 1193 1236 1279 1322 1365 1455 1498 1541 1584 1627 1670 1713 1756 1799 1842 1885 1928 2018 2061 2104 2147 2190 
25 68 111 154 197 240 283 373 416 459 502 545 588 631 674 717 760 803 846 936 979 1022 1065 1108 1151 1194 1237 1280 1323 1366 1456 1499 1542 1585 1628 1671 1714 1757 1800 1843 1886 1929 2019 2062 2105 2148 2191 
26 69 112 155 198 241 284 374 417 460 503 546 589 632 675 718 761 804 847 937 980 1023 1066 1109 1152 1195 1238 1281 1324 1367 1410 1500 1543 1586 1629 1672 1715 1758 1801 1844 1887 1930 2020 2063 2106 2149 2192 
27 70 113 156 199 242 285 375 418 461 504 547 590 633 676 719 762 805 848 938 981 1024 1067 1110 1153 1196 1239 1282 1325 1368 1411 1501 1544 1587 1630 1673 1716 1759 1802 1845 1888 1931 1974 2064 2107 2150 2193 
28 71 114 157 200 243 286 329 419 462 505 548 591 634 677 720 763 806 849 939 982 1025 1068 1111 1154 1197 1240 1283 1326 1369 1412 1502 1545 1588 1631 1674 1717 1760 1803 1846 1889 1932 1975 2065 2108 2151 2194 
29 72 115 158 201 244 287 330 420 463 506 549 592 635 678 721 764 807 850 893 983 1026 1069 1112 1155 1198 1241 1284 1327 1370 1413 1503 1546 1589 1632 1675 1718 1761 1804 1847 1890 1933 1976 2066 2109 2152 2195 
30 73 116 159 202 245 288 331 421 464 507 550 593 636 679 722 765 808 851 894 984 1027 1070 1113 1156 1199 1242 1285 1328 1371 1414 1457 1547 1590 1633 1676 1719 1762 1805 1848 1891 1934 1977 2067 2110 2153 2196 
31 74 117 160 203 246 289 332 422 465 508 551 594 637 680 723 766 809 852 895 985 1028 1071 1114 1157 1200 1243 1286 1329 1372 1415 1458 1548 1591 1634 1677 1720 1763 1806 1849 1892 1935 1978 2021 2111 2154 2197 
32 75 118 161 204 247 290 333 376 466 509 552 595 638 681 724 767 810 853 896 986 1029 1072 1115 1158 1201 1244 1287 1330 1373 1416 1459 1549 1592 1635 1678 1721 1764 1807 1850 1893 1936 1979 2022 2112 2155 2198 
33 76 119 162 205 248 291 334 377 467 510 553 596 639 682 725 768 811 854 897 940 1030 1073 1116 1159 1202 1245 1288 1331 1374 1417 1460 1550 1593 1636 1679 1722 1765 1808 1851 1894 1937 1980 2023 2113 2156 2199 
34 77 120 163 206 249 292 335 378 468 511 554 597 640 683 726 769 812 855 898 941 1031 1074 1117 1160 1203 1246 1289 1332 1375 1418 1461 1504 1594 1637 1680 1723 1766 1809 1852 1895 1938 1981 2024 2114 2157 2200 
35 78 121 164 207 250 293 336 379 469 512 555 598 641 684 727 770 813 856 899 942 1032 1075 1118 1161 1204 1247 1290 1333 1376 1419 1462 1505 1595 1638 1681 1724 1767 1810 1853 1896 1939 1982 2025 2068 2158 2201 
36 79 122 165 208 251 294 337 380 423 513 556 599 642 685 728 771 814 857 900 943 1033 1076 1119 1162 1205 1248 1291 1334 1377 1420 1463 1506 1596 1639 1682 1725 1768 1811 1854 1897 1940 1983 2026 2069 2159 2202 
37 80 123 166 209 252 295 338 381 424 514 557 600 643 686 729 772 815 858 901 944 987 1077 1120 1163 1206 1249 1292 1335 1378 1421 1464 1507 1597 1640 1683 1726 1769 1812 1855 1898 1941 1984 2027 2070 2160 2203 
38 81 124 167 210 253 296 339 382 425 515 558 601 644 687 730 773 816 859 902 945 988 1078 1121 1164 1207 1250 1293 1336 1379 1422 1465 1508 1551 1641 1684 1727 1770 1813 1856 1899 1942 1985 2028 2071 2161 2204 
39 82 125 168 211 254 297 340 383 426 516 559 602 645 688 731 774 817 860 903 946 989 1079 1122 1165 1208 1251 1294 1337 1380 1423 1466 1509 1552 1642 1685 1728 1771 1814 1857 1900 1943 1986 2029 2072 2115 2205 
40 83 126 169 212 255 298 341 384 427 470 560 603 646 689 732 775 818 861 904 947 990 1080 1123 1166 1209 1252 1295 1338 1381 1424 1467 1510 1553 1643 1686 1729 1772 1815 1858 1901 1944 1987 2030 2073 2116 2206 
41 84 127 170 213 256 299 342 385 428 471 561 604 647 690 733 776 819 862 905 948 991 1034 1124 1167 1210 1253 1296 1339 1382 1425 1468 1511 1554 1644 1687 1730 1773 1816 1859 1902 1945 1988 2031 2074 2117 2207 
42 85 128 171 214 257 300 343 386 429 472 562 605 648 691 734 777 820 863 906 949 992 1035 1125 1168 1211 1254 1297 1340 1383 1426 1469 1512 1555 1598 1688 1731 1774 1817 1860 1903 1946 1989 2032 2075 2118 2208 
43 86 129 172 215 258 301 344 387 430 473 563 606 649 692 735 778 821 864 907 950 993 1036 1126 1169 1212 1255 1298 1341 1384 1427 1470 1513 1556 1599 1689 1732 1775 1818 1861 1904 1947 1990 2033 2076 2119 2162 
44 87 130 173 216 259 302 345 388 431 474 517 607 650 693 736 779 822 865 908 951 994 1037 1127 1170 1213 1256 1299 1342 1385 1428 1471 1514 1557 1600 1690 1733 1776 1819 1862 1905 1948 1991 2034 2077 2120 2163 
45 88 131 174 217 260 303 346 389 432 475 518 608 651 694 737 780 823 866 909 952 995 1038 1081 1171 1214 1257 1300 1343 1386 1429 1472 1515 1558 1601 1691 1734 1777 1820 1863 1906 1949 1992 2035 2078 2121 2164 
46 89 132 175 218 261 304 347 390 433 476 519 609 652 695 738 781 824 867 910 953 996 1039 1082 1172 1215 1258 1301 1344 1387 1430 1473 1516 1559 1602 1645 1735 1778 1821 1864 1907 1950 1993 2036 2079 2122 2165 
